pak[] = { 1,  0,  0,  0,  0,  0,  0,  0,  0,  0,  0,  0,  0,  0,  0,  0,  0,  0,  0,  0}  time = 1
pak[] = { 1,  0,  0,  0,  0,  0,  0,  0,  0,  0,  0,  0,  0,  0,  0,  0,  0,  0,  0,  0}  time = 2
pak[] = { 1,  0,  0,  0,  0,  0,  0,  0,  0,  0,  0,  0,  0,  0,  0,  0,  0,  0,  0,  0}  time = 3
pak[] = { 1,  0,  0,  0,  0,  0,  0,  0,  0,  0,  0,  0,  0,  0,  0,  0,  0,  0,  0,  0}  time = 4
pak[] = { 1,  0,  0,  0,  0,  0,  0,  0,  0,  0,  0,  0,  0,  0,  0,  0,  0,  0,  0,  0}  time = 5
pak[] = { 1,  0,  0,  0,  0,  0,  0,  0,  0,  0,  0,  0,  0,  0,  0,  0,  0,  0,  0,  0}  time = 6
pak[] = { 1,  0,  0,  0,  0,  0,  0,  0,  0,  0,  0,  0,  0,  0,  0,  0,  0,  0,  0,  0}  time = 7
pak[] = { 1,  0,  0,  0,  0,  0,  0,  0,  0,  0,  0,  0,  0,  0,  0,  0,  0,  0,  0,  0}  time = 8
pak[] = { 1,  0,  0,  0,  0,  0,  0,  0,  0,  0,  0,  0,  0,  0,  0,  0,  0,  0,  0,  0}  time = 9
pak[] = { 1,  0,  0,  0,  0,  0,  0,  0,  0,  0,  0,  0,  0,  0,  0,  0,  0,  0,  0,  0}  time = 10
pak[] = { 1,  0,  0,  0,  0,  0,  0,  0,  0,  0,  0,  0,  0,  0,  0,  0,  0,  0,  0,  0}  time = 11
pak[] = { 1,  0,  0,  0,  0,  0,  0,  0,  0,  0,  0,  0,  0,  0,  0,  0,  0,  0,  0,  0}  time = 12
pak[] = { 1,  0,  0,  0,  0,  0,  0,  0,  0,  0,  0,  0,  0,  0,  0,  0,  0,  0,  0,  0}  time = 13
pak[] = { 1,  0,  0,  0,  0,  0,  0,  0,  0,  0,  0,  0,  0,  0,  0,  0,  0,  0,  0,  0}  time = 14
pak[] = { 2,  1,  0,  0,  0,  0,  0,  0,  0,  0,  0,  0,  0,  0,  0,  0,  0,  0,  0,  0}  time = 15
pak[] = { 3,  1,  0,  0,  0,  0,  0,  0,  0,  0,  0,  0,  0,  0,  0,  0,  0,  0,  0,  0}  time = 16
pak[] = { 3,  1,  0,  0,  0,  0,  0,  0,  0,  0,  0,  0,  0,  0,  0,  0,  0,  0,  0,  0}  time = 17
pak[] = { 3,  1,  0,  0,  0,  0,  0,  0,  0,  0,  0,  0,  0,  0,  0,  0,  0,  0,  0,  0}  time = 18
pak[] = { 3,  1,  0,  0,  0,  0,  0,  0,  0,  0,  0,  0,  0,  0,  0,  0,  0,  0,  0,  0}  time = 19
pak[] = { 3,  1,  0,  0,  0,  0,  0,  0,  0,  0,  0,  0,  0,  0,  0,  0,  0,  0,  0,  0}  time = 20
pak[] = { 3,  1,  0,  0,  0,  0,  0,  0,  0,  0,  0,  0,  0,  0,  0,  0,  0,  0,  0,  0}  time = 21
pak[] = { 3,  1,  0,  0,  0,  0,  0,  0,  0,  0,  0,  0,  0,  0,  0,  0,  0,  0,  0,  0}  time = 22
pak[] = { 3,  1,  0,  0,  0,  0,  0,  0,  0,  0,  0,  0,  0,  0,  0,  0,  0,  0,  0,  0}  time = 23
pak[] = { 3,  1,  0,  0,  0,  0,  0,  0,  0,  0,  0,  0,  0,  0,  0,  0,  0,  0,  0,  0}  time = 24
pak[] = { 3,  1,  0,  0,  0,  0,  0,  0,  0,  0,  0,  0,  0,  0,  0,  0,  0,  0,  0,  0}  time = 25
pak[] = { 3,  1,  0,  0,  0,  0,  0,  0,  0,  0,  0,  0,  0,  0,  0,  0,  0,  0,  0,  0}  time = 26
pak[] = { 3,  1,  0,  0,  0,  0,  0,  0,  0,  0,  0,  0,  0,  0,  0,  0,  0,  0,  0,  0}  time = 27
pak[] = { 3,  1,  0,  0,  0,  0,  0,  0,  0,  0,  0,  0,  0,  0,  0,  0,  0,  0,  0,  0}  time = 28
pak[] = { 3,  1,  0,  0,  0,  0,  0,  0,  0,  0,  0,  0,  0,  0,  0,  0,  0,  0,  0,  0}  time = 29
pak[] = { 3,  2,  1,  0,  0,  0,  0,  0,  0,  0,  0,  0,  0,  0,  0,  0,  0,  0,  0,  0}  time = 30
pak[] = { 3,  2,  1,  0,  0,  0,  0,  0,  0,  0,  0,  0,  0,  0,  0,  0,  0,  0,  0,  0}  time = 31
pak[] = { 3,  2,  1,  0,  0,  0,  0,  0,  0,  0,  0,  0,  0,  0,  0,  0,  0,  0,  0,  0}  time = 32
pak[] = { 3,  2,  1,  0,  0,  0,  0,  0,  0,  0,  0,  0,  0,  0,  0,  0,  0,  0,  0,  0}  time = 33
pak[] = { 3,  2,  1,  0,  0,  0,  0,  0,  0,  0,  0,  0,  0,  0,  0,  0,  0,  0,  0,  0}  time = 34
pak[] = { 3,  2,  1,  0,  0,  0,  0,  0,  0,  0,  0,  0,  0,  0,  0,  0,  0,  0,  0,  0}  time = 35
pak[] = { 3,  2,  1,  0,  0,  0,  0,  0,  0,  0,  0,  0,  0,  0,  0,  0,  0,  0,  0,  0}  time = 36
pak[] = { 3,  2,  1,  0,  0,  0,  0,  0,  0,  0,  0,  0,  0,  0,  0,  0,  0,  0,  0,  0}  time = 37
pak[] = { 3,  2,  1,  0,  0,  0,  0,  0,  0,  0,  0,  0,  0,  0,  0,  0,  0,  0,  0,  0}  time = 38
pak[] = { 3,  2,  1,  0,  0,  0,  0,  0,  0,  0,  0,  0,  0,  0,  0,  0,  0,  0,  0,  0}  time = 39
pak[] = { 3,  2,  1,  0,  0,  0,  0,  0,  0,  0,  0,  0,  0,  0,  0,  0,  0,  0,  0,  0}  time = 40
pak[] = { 3,  2,  1,  0,  0,  0,  0,  0,  0,  0,  0,  0,  0,  0,  0,  0,  0,  0,  0,  0}  time = 41
pak[] = { 3,  2,  1,  0,  0,  0,  0,  0,  0,  0,  0,  0,  0,  0,  0,  0,  0,  0,  0,  0}  time = 42
pak[] = { 3,  2,  1,  0,  0,  0,  0,  0,  0,  0,  0,  0,  0,  0,  0,  0,  0,  0,  0,  0}  time = 43
pak[] = { 3,  2,  1,  0,  0,  0,  0,  0,  0,  0,  0,  0,  0,  0,  0,  0,  0,  0,  0,  0}  time = 44
pak[] = { 3,  2,  2,  1,  0,  0,  0,  0,  0,  0,  0,  0,  0,  0,  0,  0,  0,  0,  0,  0}  time = 45
pak[] = { 3,  2,  2,  1,  0,  0,  0,  0,  0,  0,  0,  0,  0,  0,  0,  0,  0,  0,  0,  0}  time = 46
pak[] = { 3,  2,  2,  1,  0,  0,  0,  0,  0,  0,  0,  0,  0,  0,  0,  0,  0,  0,  0,  0}  time = 47
pak[] = { 3,  2,  2,  1,  0,  0,  0,  0,  0,  0,  0,  0,  0,  0,  0,  0,  0,  0,  0,  0}  time = 48
pak[] = { 3,  2,  2,  1,  0,  0,  0,  0,  0,  0,  0,  0,  0,  0,  0,  0,  0,  0,  0,  0}  time = 49
pak[] = { 3,  2,  2,  1,  0,  0,  0,  0,  0,  0,  0,  0,  0,  0,  0,  0,  0,  0,  0,  0}  time = 50
pak[] = { 3,  2,  2,  1,  0,  0,  0,  0,  0,  0,  0,  0,  0,  0,  0,  0,  0,  0,  0,  0}  time = 51
pak[] = { 3,  2,  2,  1,  0,  0,  0,  0,  0,  0,  0,  0,  0,  0,  0,  0,  0,  0,  0,  0}  time = 52
pak[] = { 3,  2,  2,  1,  0,  0,  0,  0,  0,  0,  0,  0,  0,  0,  0,  0,  0,  0,  0,  0}  time = 53
pak[] = { 3,  2,  2,  1,  0,  0,  0,  0,  0,  0,  0,  0,  0,  0,  0,  0,  0,  0,  0,  0}  time = 54
pak[] = { 3,  2,  2,  1,  0,  0,  0,  0,  0,  0,  0,  0,  0,  0,  0,  0,  0,  0,  0,  0}  time = 55
pak[] = { 3,  2,  2,  1,  0,  0,  0,  0,  0,  0,  0,  0,  0,  0,  0,  0,  0,  0,  0,  0}  time = 56
pak[] = { 3,  2,  2,  1,  0,  0,  0,  0,  0,  0,  0,  0,  0,  0,  0,  0,  0,  0,  0,  0}  time = 57
pak[] = { 3,  2,  2,  1,  0,  0,  0,  0,  0,  0,  0,  0,  0,  0,  0,  0,  0,  0,  0,  0}  time = 58
pak[] = { 3,  2,  2,  1,  0,  0,  0,  0,  0,  0,  0,  0,  0,  0,  0,  0,  0,  0,  0,  0}  time = 59
pak[] = { 4,  3,  2,  2,  1,  0,  0,  0,  0,  0,  0,  0,  0,  0,  0,  0,  0,  0,  0,  0}  time = 60
pak[] = { 5,  3,  2,  2,  1,  0,  0,  0,  0,  0,  0,  0,  0,  0,  0,  0,  0,  0,  0,  0}  time = 61
pak[] = { 5,  3,  2,  2,  1,  0,  0,  0,  0,  0,  0,  0,  0,  0,  0,  0,  0,  0,  0,  0}  time = 62
pak[] = { 5,  3,  2,  2,  1,  0,  0,  0,  0,  0,  0,  0,  0,  0,  0,  0,  0,  0,  0,  0}  time = 63
pak[] = { 5,  3,  2,  2,  1,  0,  0,  0,  0,  0,  0,  0,  0,  0,  0,  0,  0,  0,  0,  0}  time = 64
pak[] = { 5,  3,  2,  2,  1,  0,  0,  0,  0,  0,  0,  0,  0,  0,  0,  0,  0,  0,  0,  0}  time = 65
pak[] = { 5,  3,  2,  2,  1,  0,  0,  0,  0,  0,  0,  0,  0,  0,  0,  0,  0,  0,  0,  0}  time = 66
pak[] = { 5,  3,  2,  2,  1,  0,  0,  0,  0,  0,  0,  0,  0,  0,  0,  0,  0,  0,  0,  0}  time = 67
pak[] = { 5,  3,  2,  2,  1,  0,  0,  0,  0,  0,  0,  0,  0,  0,  0,  0,  0,  0,  0,  0}  time = 68
pak[] = { 5,  3,  2,  2,  1,  0,  0,  0,  0,  0,  0,  0,  0,  0,  0,  0,  0,  0,  0,  0}  time = 69
pak[] = { 5,  3,  2,  2,  1,  0,  0,  0,  0,  0,  0,  0,  0,  0,  0,  0,  0,  0,  0,  0}  time = 70
pak[] = { 5,  3,  2,  2,  1,  0,  0,  0,  0,  0,  0,  0,  0,  0,  0,  0,  0,  0,  0,  0}  time = 71
pak[] = { 5,  3,  2,  2,  1,  0,  0,  0,  0,  0,  0,  0,  0,  0,  0,  0,  0,  0,  0,  0}  time = 72
pak[] = { 5,  3,  2,  2,  1,  0,  0,  0,  0,  0,  0,  0,  0,  0,  0,  0,  0,  0,  0,  0}  time = 73
pak[] = { 5,  3,  2,  2,  1,  0,  0,  0,  0,  0,  0,  0,  0,  0,  0,  0,  0,  0,  0,  0}  time = 74
pak[] = { 5,  3,  2,  2,  2,  1,  0,  0,  0,  0,  0,  0,  0,  0,  0,  0,  0,  0,  0,  0}  time = 75
pak[] = { 5,  3,  2,  2,  2,  1,  0,  0,  0,  0,  0,  0,  0,  0,  0,  0,  0,  0,  0,  0}  time = 76
pak[] = { 5,  3,  2,  2,  2,  1,  0,  0,  0,  0,  0,  0,  0,  0,  0,  0,  0,  0,  0,  0}  time = 77
pak[] = { 5,  3,  2,  2,  2,  1,  0,  0,  0,  0,  0,  0,  0,  0,  0,  0,  0,  0,  0,  0}  time = 78
pak[] = { 5,  3,  2,  2,  2,  1,  0,  0,  0,  0,  0,  0,  0,  0,  0,  0,  0,  0,  0,  0}  time = 79
pak[] = { 5,  3,  2,  2,  2,  1,  0,  0,  0,  0,  0,  0,  0,  0,  0,  0,  0,  0,  0,  0}  time = 80
pak[] = { 5,  3,  2,  2,  2,  1,  0,  0,  0,  0,  0,  0,  0,  0,  0,  0,  0,  0,  0,  0}  time = 81
pak[] = { 5,  3,  2,  2,  2,  1,  0,  0,  0,  0,  0,  0,  0,  0,  0,  0,  0,  0,  0,  0}  time = 82
pak[] = { 5,  3,  2,  2,  2,  1,  0,  0,  0,  0,  0,  0,  0,  0,  0,  0,  0,  0,  0,  0}  time = 83
pak[] = { 5,  3,  2,  2,  2,  1,  0,  0,  0,  0,  0,  0,  0,  0,  0,  0,  0,  0,  0,  0}  time = 84
pak[] = { 5,  3,  2,  2,  2,  1,  0,  0,  0,  0,  0,  0,  0,  0,  0,  0,  0,  0,  0,  0}  time = 85
pak[] = { 5,  3,  2,  2,  2,  1,  0,  0,  0,  0,  0,  0,  0,  0,  0,  0,  0,  0,  0,  0}  time = 86
pak[] = { 5,  3,  2,  2,  2,  1,  0,  0,  0,  0,  0,  0,  0,  0,  0,  0,  0,  0,  0,  0}  time = 87
pak[] = { 5,  3,  2,  2,  2,  1,  0,  0,  0,  0,  0,  0,  0,  0,  0,  0,  0,  0,  0,  0}  time = 88
pak[] = { 5,  3,  2,  2,  2,  1,  0,  0,  0,  0,  0,  0,  0,  0,  0,  0,  0,  0,  0,  0}  time = 89
pak[] = { 5,  3,  2,  2,  2,  2,  1,  0,  0,  0,  0,  0,  0,  0,  0,  0,  0,  0,  0,  0}  time = 90
pak[] = { 5,  3,  2,  2,  2,  2,  1,  0,  0,  0,  0,  0,  0,  0,  0,  0,  0,  0,  0,  0}  time = 91
pak[] = { 5,  3,  2,  2,  2,  2,  1,  0,  0,  0,  0,  0,  0,  0,  0,  0,  0,  0,  0,  0}  time = 92
pak[] = { 5,  3,  2,  2,  2,  2,  1,  0,  0,  0,  0,  0,  0,  0,  0,  0,  0,  0,  0,  0}  time = 93
pak[] = { 5,  3,  2,  2,  2,  2,  1,  0,  0,  0,  0,  0,  0,  0,  0,  0,  0,  0,  0,  0}  time = 94
pak[] = { 5,  3,  2,  2,  2,  2,  1,  0,  0,  0,  0,  0,  0,  0,  0,  0,  0,  0,  0,  0}  time = 95
pak[] = { 5,  3,  2,  2,  2,  2,  1,  0,  0,  0,  0,  0,  0,  0,  0,  0,  0,  0,  0,  0}  time = 96
pak[] = { 5,  3,  2,  2,  2,  2,  1,  0,  0,  0,  0,  0,  0,  0,  0,  0,  0,  0,  0,  0}  time = 97
pak[] = { 5,  3,  2,  2,  2,  2,  1,  0,  0,  0,  0,  0,  0,  0,  0,  0,  0,  0,  0,  0}  time = 98
pak[] = { 5,  3,  2,  2,  2,  2,  1,  0,  0,  0,  0,  0,  0,  0,  0,  0,  0,  0,  0,  0}  time = 99
pak[] = { 5,  3,  2,  2,  2,  2,  1,  0,  0,  0,  0,  0,  0,  0,  0,  0,  0,  0,  0,  0}  time = 100
pak[] = { 5,  3,  2,  2,  2,  2,  1,  0,  0,  0,  0,  0,  0,  0,  0,  0,  0,  0,  0,  0}  time = 101
pak[] = { 5,  3,  2,  2,  2,  2,  1,  0,  0,  0,  0,  0,  0,  0,  0,  0,  0,  0,  0,  0}  time = 102
pak[] = { 6,  3,  2,  2,  2,  2,  1,  0,  0,  0,  0,  0,  0,  0,  0,  0,  0,  0,  0,  0}  time = 103
pak[] = { 7,  4,  3,  2,  2,  2,  1,  0,  0,  0,  0,  0,  0,  0,  0,  0,  0,  0,  0,  0}  time = 104
pak[] = { 7,  5,  3,  2,  2,  2,  2,  1,  0,  0,  0,  0,  0,  0,  0,  0,  0,  0,  0,  0}  time = 105
pak[] = { 7,  5,  3,  2,  2,  2,  2,  1,  0,  0,  0,  0,  0,  0,  0,  0,  0,  0,  0,  0}  time = 106
pak[] = { 7,  5,  3,  2,  2,  2,  2,  1,  0,  0,  0,  0,  0,  0,  0,  0,  0,  0,  0,  0}  time = 107
pak[] = { 7,  5,  3,  2,  2,  2,  2,  1,  0,  0,  0,  0,  0,  0,  0,  0,  0,  0,  0,  0}  time = 108
pak[] = { 7,  5,  3,  2,  2,  2,  2,  1,  0,  0,  0,  0,  0,  0,  0,  0,  0,  0,  0,  0}  time = 109
pak[] = { 7,  5,  3,  2,  2,  2,  2,  1,  0,  0,  0,  0,  0,  0,  0,  0,  0,  0,  0,  0}  time = 110
pak[] = { 7,  5,  3,  2,  2,  2,  2,  1,  0,  0,  0,  0,  0,  0,  0,  0,  0,  0,  0,  0}  time = 111
pak[] = { 8,  5,  3,  2,  2,  2,  2,  1,  0,  0,  0,  0,  0,  0,  0,  0,  0,  0,  0,  0}  time = 112
pak[] = { 8,  5,  3,  2,  2,  2,  2,  1,  0,  0,  0,  0,  0,  0,  0,  0,  0,  0,  0,  0}  time = 113
pak[] = { 8,  5,  3,  2,  2,  2,  2,  1,  0,  0,  0,  0,  0,  0,  0,  0,  0,  0,  0,  0}  time = 114
pak[] = { 8,  5,  3,  2,  2,  2,  2,  1,  0,  0,  0,  0,  0,  0,  0,  0,  0,  0,  0,  0}  time = 115
pak[] = { 8,  5,  3,  2,  2,  2,  2,  1,  0,  0,  0,  0,  0,  0,  0,  0,  0,  0,  0,  0}  time = 116
pak[] = { 8,  5,  3,  2,  2,  2,  2,  1,  0,  0,  0,  0,  0,  0,  0,  0,  0,  0,  0,  0}  time = 117
pak[] = { 8,  5,  3,  2,  2,  2,  2,  1,  0,  0,  0,  0,  0,  0,  0,  0,  0,  0,  0,  0}  time = 118
pak[] = { 8,  5,  3,  2,  2,  2,  2,  1,  0,  0,  0,  0,  0,  0,  0,  0,  0,  0,  0,  0}  time = 119
pak[] = { 8,  5,  3,  2,  2,  2,  2,  2,  1,  0,  0,  0,  0,  0,  0,  0,  0,  0,  0,  0}  time = 120
pak[] = { 8,  5,  3,  2,  2,  2,  2,  2,  1,  0,  0,  0,  0,  0,  0,  0,  0,  0,  0,  0}  time = 121
pak[] = { 8,  5,  3,  2,  2,  2,  2,  2,  1,  0,  0,  0,  0,  0,  0,  0,  0,  0,  0,  0}  time = 122
pak[] = { 8,  5,  3,  2,  2,  2,  2,  2,  1,  0,  0,  0,  0,  0,  0,  0,  0,  0,  0,  0}  time = 123
pak[] = { 8,  5,  3,  2,  2,  2,  2,  2,  1,  0,  0,  0,  0,  0,  0,  0,  0,  0,  0,  0}  time = 124
pak[] = { 8,  5,  3,  2,  2,  2,  2,  2,  1,  0,  0,  0,  0,  0,  0,  0,  0,  0,  0,  0}  time = 125
pak[] = { 8,  5,  3,  2,  2,  2,  2,  2,  1,  0,  0,  0,  0,  0,  0,  0,  0,  0,  0,  0}  time = 126
pak[] = { 8,  5,  3,  2,  2,  2,  2,  2,  1,  0,  0,  0,  0,  0,  0,  0,  0,  0,  0,  0}  time = 127
pak[] = { 8,  5,  3,  2,  2,  2,  2,  2,  1,  0,  0,  0,  0,  0,  0,  0,  0,  0,  0,  0}  time = 128
pak[] = { 8,  5,  3,  2,  2,  2,  2,  2,  1,  0,  0,  0,  0,  0,  0,  0,  0,  0,  0,  0}  time = 129
pak[] = { 8,  5,  3,  2,  2,  2,  2,  2,  1,  0,  0,  0,  0,  0,  0,  0,  0,  0,  0,  0}  time = 130
pak[] = { 8,  5,  3,  2,  2,  2,  2,  2,  1,  0,  0,  0,  0,  0,  0,  0,  0,  0,  0,  0}  time = 131
pak[] = { 8,  5,  3,  2,  2,  2,  2,  2,  1,  0,  0,  0,  0,  0,  0,  0,  0,  0,  0,  0}  time = 132
pak[] = { 8,  5,  3,  2,  2,  2,  2,  2,  1,  0,  0,  0,  0,  0,  0,  0,  0,  0,  0,  0}  time = 133
pak[] = { 8,  5,  3,  2,  2,  2,  2,  2,  1,  0,  0,  0,  0,  0,  0,  0,  0,  0,  0,  0}  time = 134
pak[] = { 8,  5,  3,  2,  2,  2,  2,  2, -1,  1,  0,  0,  0,  0,  0,  0,  0,  0,  0,  0}  time = 135
pak[] = { 8,  5,  3,  2,  2,  2,  2,  2, -1,  1,  0,  0,  0,  0,  0,  0,  0,  0,  0,  0}  time = 136
pak[] = { 8,  5,  3,  2,  2,  2,  2,  2, -1,  1,  0,  0,  0,  0,  0,  0,  0,  0,  0,  0}  time = 137
pak[] = { 8,  5,  3,  2,  2,  2,  2,  2, -1,  1,  0,  0,  0,  0,  0,  0,  0,  0,  0,  0}  time = 138
pak[] = { 8,  5,  3,  2,  2,  2,  2,  2, -1,  1,  0,  0,  0,  0,  0,  0,  0,  0,  0,  0}  time = 139
pak[] = { 8,  5,  3,  2,  2,  2,  2,  2, -1,  1,  0,  0,  0,  0,  0,  0,  0,  0,  0,  0}  time = 140
pak[] = { 8,  5,  3,  2,  2,  2,  2,  2, -1,  1,  0,  0,  0,  0,  0,  0,  0,  0,  0,  0}  time = 141
pak[] = { 8,  5,  3,  2,  2,  2,  2,  2, -1,  1,  0,  0,  0,  0,  0,  0,  0,  0,  0,  0}  time = 142
pak[] = { 8,  5,  3,  2,  2,  2,  2,  2, -1,  1,  0,  0,  0,  0,  0,  0,  0,  0,  0,  0}  time = 143
pak[] = { 8,  5,  3,  2,  2,  2,  2,  2, -1,  1,  0,  0,  0,  0,  0,  0,  0,  0,  0,  0}  time = 144
pak[] = { 8,  5,  3,  2,  2,  2,  2,  2, -1,  1,  0,  0,  0,  0,  0,  0,  0,  0,  0,  0}  time = 145
pak[] = { 8,  5,  3,  2,  2,  2,  2,  2, -1,  1,  0,  0,  0,  0,  0,  0,  0,  0,  0,  0}  time = 146
pak[] = { 8,  6,  3,  2,  2,  2,  2,  2, -1,  1,  0,  0,  0,  0,  0,  0,  0,  0,  0,  0}  time = 147
pak[] = { 8,  7,  4,  3,  2,  2,  2,  2, -1,  1,  0,  0,  0,  0,  0,  0,  0,  0,  0,  0}  time = 148
pak[] = { 8,  7,  5,  3,  2,  2,  2,  2, -1,  1,  0,  0,  0,  0,  0,  0,  0,  0,  0,  0}  time = 149
pak[] = { 8,  7,  5,  3,  2,  2,  2,  2, -1,  2,  1,  0,  0,  0,  0,  0,  0,  0,  0,  0}  time = 150
pak[] = { 8,  7,  5,  3,  2,  2,  2,  2, -1,  2,  1,  0,  0,  0,  0,  0,  0,  0,  0,  0}  time = 151
pak[] = { 8,  7,  5,  3,  2,  2,  2,  2, -1,  2,  1,  0,  0,  0,  0,  0,  0,  0,  0,  0}  time = 152
pak[] = { 8,  7,  5,  3,  2,  2,  2,  2, -1,  2,  1,  0,  0,  0,  0,  0,  0,  0,  0,  0}  time = 153
pak[] = { 8,  7,  5,  3,  2,  2,  2,  2, -1,  2,  1,  0,  0,  0,  0,  0,  0,  0,  0,  0}  time = 154
pak[] = { 8,  7,  5,  3,  2,  2,  2,  2, -1,  2,  1,  0,  0,  0,  0,  0,  0,  0,  0,  0}  time = 155
pak[] = { 8,  8,  5,  3,  2,  2,  2,  2, -1,  2,  1,  0,  0,  0,  0,  0,  0,  0,  0,  0}  time = 156
pak[] = { 8,  8,  5,  3,  2,  2,  2,  2, -1,  2,  1,  0,  0,  0,  0,  0,  0,  0,  0,  0}  time = 157
pak[] = { 8,  8,  5,  3,  2,  2,  2,  2, -1,  2,  1,  0,  0,  0,  0,  0,  0,  0,  0,  0}  time = 158
pak[] = { 8,  8,  5,  3,  2,  2,  2,  2, -1,  2,  1,  0,  0,  0,  0,  0,  0,  0,  0,  0}  time = 159
pak[] = { 8,  8,  5,  3,  2,  2,  2,  2, -1,  2,  1,  0,  0,  0,  0,  0,  0,  0,  0,  0}  time = 160
pak[] = { 8,  8,  5,  3,  2,  2,  2,  2, -1,  2,  1,  0,  0,  0,  0,  0,  0,  0,  0,  0}  time = 161
pak[] = { 8,  8,  5,  3,  2,  2,  2,  2, -1,  2,  1,  0,  0,  0,  0,  0,  0,  0,  0,  0}  time = 162
pak[] = { 8,  8,  5,  3,  2,  2,  2,  2, -1,  2,  1,  0,  0,  0,  0,  0,  0,  0,  0,  0}  time = 163
pak[] = { 8,  8,  5,  3,  2,  2,  2,  2, -1,  2,  1,  0,  0,  0,  0,  0,  0,  0,  0,  0}  time = 164
pak[] = { 8,  8,  5,  3,  2,  2,  2,  2, -1,  2, -1,  1,  0,  0,  0,  0,  0,  0,  0,  0}  time = 165
pak[] = { 8,  8,  5,  3,  2,  2,  2,  2, -1,  2, -1,  1,  0,  0,  0,  0,  0,  0,  0,  0}  time = 166
pak[] = { 8,  8,  5,  3,  2,  2,  2,  2, -1,  2, -1,  1,  0,  0,  0,  0,  0,  0,  0,  0}  time = 167
pak[] = { 8,  8,  5,  3,  2,  2,  2,  2, -1,  2, -1,  1,  0,  0,  0,  0,  0,  0,  0,  0}  time = 168
pak[] = { 8,  8,  5,  3,  2,  2,  2,  2, -1,  2, -1,  1,  0,  0,  0,  0,  0,  0,  0,  0}  time = 169
pak[] = { 8,  8,  5,  3,  2,  2,  2,  2, -1,  2, -1,  1,  0,  0,  0,  0,  0,  0,  0,  0}  time = 170
pak[] = { 8,  8,  5,  3,  2,  2,  2,  2, -1,  2, -1,  1,  0,  0,  0,  0,  0,  0,  0,  0}  time = 171
pak[] = { 8,  8,  5,  3,  2,  2,  2,  2, -1,  2, -1,  1,  0,  0,  0,  0,  0,  0,  0,  0}  time = 172
pak[] = { 8,  8,  5,  3,  2,  2,  2,  2, -1,  2, -1,  1,  0,  0,  0,  0,  0,  0,  0,  0}  time = 173
pak[] = { 8,  8,  5,  3,  2,  2,  2,  2, -1,  2, -1,  1,  0,  0,  0,  0,  0,  0,  0,  0}  time = 174
pak[] = { 8,  8,  5,  3,  2,  2,  2,  2, -1,  2, -1,  1,  0,  0,  0,  0,  0,  0,  0,  0}  time = 175
pak[] = { 8,  8,  5,  3,  2,  2,  2,  2, -1,  2, -1,  1,  0,  0,  0,  0,  0,  0,  0,  0}  time = 176
pak[] = { 8,  8,  5,  3,  2,  2,  2,  2, -1,  2, -1,  1,  0,  0,  0,  0,  0,  0,  0,  0}  time = 177
pak[] = { 8,  8,  5,  3,  2,  2,  2,  2, -1,  2, -1,  1,  0,  0,  0,  0,  0,  0,  0,  0}  time = 178
pak[] = { 8,  8,  5,  3,  2,  2,  2,  2, -1,  2, -1,  1,  0,  0,  0,  0,  0,  0,  0,  0}  time = 179
pak[] = { 8,  8,  5,  3,  2,  2,  2,  2, -1,  2, -1, -1,  1,  0,  0,  0,  0,  0,  0,  0}  time = 180
pak[] = { 8,  8,  5,  3,  2,  2,  2,  2, -1,  2, -1, -1,  1,  0,  0,  0,  0,  0,  0,  0}  time = 181
pak[] = { 8,  8,  5,  3,  2,  2,  2,  2, -1,  2, -1, -1,  1,  0,  0,  0,  0,  0,  0,  0}  time = 182
pak[] = { 8,  8,  5,  3,  2,  2,  2,  2, -1,  2, -1, -1,  1,  0,  0,  0,  0,  0,  0,  0}  time = 183
pak[] = { 8,  8,  5,  3,  2,  2,  2,  2, -1,  2, -1, -1,  1,  0,  0,  0,  0,  0,  0,  0}  time = 184
pak[] = { 8,  8,  5,  3,  2,  2,  2,  2, -1,  2, -1, -1,  1,  0,  0,  0,  0,  0,  0,  0}  time = 185
pak[] = { 8,  8,  5,  3,  2,  2,  2,  2, -1,  2, -1, -1,  1,  0,  0,  0,  0,  0,  0,  0}  time = 186
pak[] = { 8,  8,  5,  3,  2,  2,  2,  2, -1,  2, -1, -1,  1,  0,  0,  0,  0,  0,  0,  0}  time = 187
pak[] = { 8,  8,  5,  3,  2,  2,  2,  2, -1,  2, -1, -1,  1,  0,  0,  0,  0,  0,  0,  0}  time = 188
pak[] = { 8,  8,  5,  3,  2,  2,  2,  2, -1,  2, -1, -1,  1,  0,  0,  0,  0,  0,  0,  0}  time = 189
pak[] = { 8,  8,  5,  3,  2,  2,  2,  2, -1,  2, -1, -1,  1,  0,  0,  0,  0,  0,  0,  0}  time = 190
pak[] = { 8,  8,  6,  3,  2,  2,  2,  2, -1,  2, -1, -1,  1,  0,  0,  0,  0,  0,  0,  0}  time = 191
pak[] = { 8,  8,  7,  4,  3,  2,  2,  2, -1,  2, -1, -1,  1,  0,  0,  0,  0,  0,  0,  0}  time = 192
pak[] = { 8,  8,  7,  5,  3,  2,  2,  2, -1,  2, -1, -1,  1,  0,  0,  0,  0,  0,  0,  0}  time = 193
pak[] = { 8,  8,  7,  5,  3,  2,  2,  2, -1,  2, -1, -1,  1,  0,  0,  0,  0,  0,  0,  0}  time = 194
pak[] = { 8,  8,  7,  5,  3,  2,  2,  2, -1,  2, -1, -1,  2,  1,  0,  0,  0,  0,  0,  0}  time = 195
pak[] = { 8,  8,  7,  5,  3,  2,  2,  2, -1,  2, -1, -1,  2,  1,  0,  0,  0,  0,  0,  0}  time = 196
pak[] = { 8,  8,  7,  5,  3,  2,  2,  2, -1,  2, -1, -1,  2,  1,  0,  0,  0,  0,  0,  0}  time = 197
pak[] = { 8,  8,  7,  5,  3,  2,  2,  2, -1,  2, -1, -1,  2,  1,  0,  0,  0,  0,  0,  0}  time = 198
pak[] = { 8,  8,  7,  5,  3,  2,  2,  2, -1,  2, -1, -1,  2,  1,  0,  0,  0,  0,  0,  0}  time = 199
pak[] = { 8,  8,  8,  5,  3,  2,  2,  2, -1,  2, -1, -1,  2,  1,  0,  0,  0,  0,  0,  0}  time = 200
pak[] = { 8,  8,  8,  5,  3,  2,  2,  2, -1,  2, -1, -1,  2,  1,  0,  0,  0,  0,  0,  0}  time = 201
pak[] = { 8,  8,  8,  5,  3,  2,  2,  2, -1,  2, -1, -1,  2,  1,  0,  0,  0,  0,  0,  0}  time = 202
pak[] = { 8,  8,  8,  5,  3,  2,  2,  2, -1,  2, -1, -1,  2,  1,  0,  0,  0,  0,  0,  0}  time = 203
pak[] = { 8,  8,  8,  5,  3,  2,  2,  2, -1,  2, -1, -1,  2,  1,  0,  0,  0,  0,  0,  0}  time = 204
pak[] = { 8,  8,  8,  5,  3,  2,  2,  2, -1,  2, -1, -1,  2,  1,  0,  0,  0,  0,  0,  0}  time = 205
pak[] = { 8,  8,  8,  5,  3,  2,  2,  2, -1,  2, -1, -1,  2,  1,  0,  0,  0,  0,  0,  0}  time = 206
pak[] = { 8,  8,  8,  5,  3,  2,  2,  2, -1,  2, -1, -1,  2,  1,  0,  0,  0,  0,  0,  0}  time = 207
pak[] = { 8,  8,  8,  5,  3,  2,  2,  2, -1,  2, -1, -1,  2,  1,  0,  0,  0,  0,  0,  0}  time = 208
pak[] = { 8,  8,  8,  5,  3,  2,  2,  2, -1,  2, -1, -1,  2,  1,  0,  0,  0,  0,  0,  0}  time = 209
pak[] = { 8,  8,  8,  5,  3,  2,  2,  2, -1,  2, -1, -1,  2, -1,  1,  0,  0,  0,  0,  0}  time = 210
pak[] = { 8,  8,  8,  5,  3,  2,  2,  2, -1,  2, -1, -1,  2, -1,  1,  0,  0,  0,  0,  0}  time = 211
pak[] = { 8,  8,  8,  5,  3,  2,  2,  2, -1,  2, -1, -1,  2, -1,  1,  0,  0,  0,  0,  0}  time = 212
pak[] = { 8,  8,  8,  5,  3,  2,  2,  2, -1,  2, -1, -1,  2, -1,  1,  0,  0,  0,  0,  0}  time = 213
pak[] = { 8,  8,  8,  5,  3,  2,  2,  2, -1,  2, -1, -1,  2, -1,  1,  0,  0,  0,  0,  0}  time = 214
pak[] = { 8,  8,  8,  5,  3,  2,  2,  2, -1,  2, -1, -1,  2, -1,  1,  0,  0,  0,  0,  0}  time = 215
pak[] = { 8,  8,  8,  5,  3,  2,  2,  2, -1,  2, -1, -1,  2, -1,  1,  0,  0,  0,  0,  0}  time = 216
pak[] = { 8,  8,  8,  5,  3,  2,  2,  2, -1,  2, -1, -1,  2, -1,  1,  0,  0,  0,  0,  0}  time = 217
pak[] = { 8,  8,  8,  5,  3,  2,  2,  2, -1,  2, -1, -1,  2, -1,  1,  0,  0,  0,  0,  0}  time = 218
pak[] = { 8,  8,  8,  5,  3,  2,  2,  2, -1,  2, -1, -1,  2, -1,  1,  0,  0,  0,  0,  0}  time = 219
pak[] = { 8,  8,  8,  5,  3,  2,  2,  2, -1,  2, -1, -1,  2, -1,  1,  0,  0,  0,  0,  0}  time = 220
pak[] = { 8,  8,  8,  5,  3,  2,  2,  2, -1,  2, -1, -1,  2, -1,  1,  0,  0,  0,  0,  0}  time = 221
pak[] = { 8,  8,  8,  5,  3,  2,  2,  2, -1,  2, -1, -1,  2, -1,  1,  0,  0,  0,  0,  0}  time = 222
pak[] = { 8,  8,  8,  5,  3,  2,  2,  2, -1,  2, -1, -1,  2, -1,  1,  0,  0,  0,  0,  0}  time = 223
pak[] = { 8,  8,  8,  5,  3,  2,  2,  2, -1,  2, -1, -1,  2, -1,  1,  0,  0,  0,  0,  0}  time = 224
pak[] = { 8,  8,  8,  5,  3,  2,  2,  2, -1,  2, -1, -1,  2, -1, -1,  1,  0,  0,  0,  0}  time = 225
pak[] = { 8,  8,  8,  5,  3,  2,  2,  2, -1,  2, -1, -1,  2, -1, -1,  1,  0,  0,  0,  0}  time = 226
pak[] = { 8,  8,  8,  5,  3,  2,  2,  2, -1,  2, -1, -1,  2, -1, -1,  1,  0,  0,  0,  0}  time = 227
pak[] = { 8,  8,  8,  5,  3,  2,  2,  2, -1,  2, -1, -1,  2, -1, -1,  1,  0,  0,  0,  0}  time = 228
pak[] = { 8,  8,  8,  5,  3,  2,  2,  2, -1,  2, -1, -1,  2, -1, -1,  1,  0,  0,  0,  0}  time = 229
pak[] = { 8,  8,  8,  5,  3,  2,  2,  2, -1,  2, -1, -1,  2, -1, -1,  1,  0,  0,  0,  0}  time = 230
pak[] = { 8,  8,  8,  5,  3,  2,  2,  2, -1,  2, -1, -1,  2, -1, -1,  1,  0,  0,  0,  0}  time = 231
pak[] = { 8,  8,  8,  5,  3,  2,  2,  2, -1,  2, -1, -1,  2, -1, -1,  1,  0,  0,  0,  0}  time = 232
pak[] = { 8,  8,  8,  5,  3,  2,  2,  2, -1,  2, -1, -1,  2, -1, -1,  1,  0,  0,  0,  0}  time = 233
pak[] = { 8,  8,  8,  5,  3,  2,  2,  2, -1,  2, -1, -1,  2, -1, -1,  1,  0,  0,  0,  0}  time = 234
pak[] = { 8,  8,  8,  6,  3,  2,  2,  2, -1,  2, -1, -1,  2, -1, -1,  1,  0,  0,  0,  0}  time = 235
pak[] = { 8,  8,  8,  7,  4,  3,  2,  2, -1,  2, -1, -1,  2, -1, -1,  1,  0,  0,  0,  0}  time = 236
pak[] = { 8,  8,  8,  7,  5,  3,  2,  2, -1,  2, -1, -1,  2, -1, -1,  1,  0,  0,  0,  0}  time = 237
pak[] = { 8,  8,  8,  7,  5,  3,  2,  2, -1,  2, -1, -1,  2, -1, -1,  1,  0,  0,  0,  0}  time = 238
pak[] = { 8,  8,  8,  7,  5,  3,  2,  2, -1,  2, -1, -1,  2, -1, -1,  1,  0,  0,  0,  0}  time = 239
pak[] = { 8,  8,  8,  7,  5,  3,  2,  2, -1,  2, -1, -1,  2, -1, -1,  2,  1,  0,  0,  0}  time = 240
pak[] = { 8,  8,  8,  7,  5,  3,  2,  2, -1,  2, -1, -1,  2, -1, -1,  2,  1,  0,  0,  0}  time = 241
pak[] = { 8,  8,  8,  7,  5,  3,  2,  2, -1,  2, -1, -1,  2, -1, -1,  2,  1,  0,  0,  0}  time = 242
pak[] = { 8,  8,  8,  7,  5,  3,  2,  2, -1,  2, -1, -1,  2, -1, -1,  2,  1,  0,  0,  0}  time = 243
pak[] = { 8,  8,  8,  8,  5,  3,  2,  2, -1,  2, -1, -1,  2, -1, -1,  2,  1,  0,  0,  0}  time = 244
pak[] = { 8,  8,  8,  8,  5,  3,  2,  2, -1,  2, -1, -1,  2, -1, -1,  2,  1,  0,  0,  0}  time = 245
pak[] = { 8,  8,  8,  8,  5,  3,  2,  2, -1,  2, -1, -1,  2, -1, -1,  2,  1,  0,  0,  0}  time = 246
pak[] = { 8,  8,  8,  8,  5,  3,  2,  2, -1,  2, -1, -1,  2, -1, -1,  2,  1,  0,  0,  0}  time = 247
pak[] = { 8,  8,  8,  8,  5,  3,  2,  2, -1,  2, -1, -1,  2, -1, -1,  2,  1,  0,  0,  0}  time = 248
pak[] = { 8,  8,  8,  8,  5,  3,  2,  2, -1,  2, -1, -1,  2, -1, -1,  2,  1,  0,  0,  0}  time = 249
pak[] = { 8,  8,  8,  8,  5,  3,  2,  2, -1,  2, -1, -1,  2, -1, -1,  2,  1,  0,  0,  0}  time = 250
pak[] = { 8,  8,  8,  8,  5,  3,  2,  2, -1,  2, -1, -1,  2, -1, -1,  2,  1,  0,  0,  0}  time = 251
pak[] = { 8,  8,  8,  8,  5,  3,  2,  2, -1,  2, -1, -1,  2, -1, -1,  2,  1,  0,  0,  0}  time = 252
pak[] = { 8,  8,  8,  8,  5,  3,  2,  2, -1,  2, -1, -1,  2, -1, -1,  2,  1,  0,  0,  0}  time = 253
pak[] = { 8,  8,  8,  8,  5,  3,  2,  2, -1,  2, -1, -1,  2, -1, -1,  2,  1,  0,  0,  0}  time = 254
pak[] = { 8,  8,  8,  8,  5,  3,  2,  2, -1,  2, -1, -1,  2, -1, -1,  2, -1,  1,  0,  0}  time = 255
pak[] = { 8,  8,  8,  8,  5,  3,  2,  2, -1,  2, -1, -1,  2, -1, -1,  2, -1,  1,  0,  0}  time = 256
pak[] = { 8,  8,  8,  8,  5,  3,  2,  2, -1,  2, -1, -1,  2, -1, -1,  2, -1,  1,  0,  0}  time = 257
pak[] = { 8,  8,  8,  8,  5,  3,  2,  2, -1,  2, -1, -1,  2, -1, -1,  2, -1,  1,  0,  0}  time = 258
pak[] = { 8,  8,  8,  8,  5,  3,  2,  2, -1,  2, -1, -1,  2, -1, -1,  2, -1,  1,  0,  0}  time = 259
pak[] = { 8,  8,  8,  8,  5,  3,  2,  2, -1,  2, -1, -1,  2, -1, -1,  2, -1,  1,  0,  0}  time = 260
pak[] = { 8,  8,  8,  8,  5,  3,  2,  2, -1,  2, -1, -1,  2, -1, -1,  2, -1,  1,  0,  0}  time = 261
pak[] = { 8,  8,  8,  8,  5,  3,  2,  2, -1,  2, -1, -1,  2, -1, -1,  2, -1,  1,  0,  0}  time = 262
pak[] = { 8,  8,  8,  8,  5,  3,  2,  2, -1,  2, -1, -1,  2, -1, -1,  2, -1,  1,  0,  0}  time = 263
pak[] = { 8,  8,  8,  8,  5,  3,  2,  2, -1,  2, -1, -1,  2, -1, -1,  2, -1,  1,  0,  0}  time = 264
pak[] = { 8,  8,  8,  8,  5,  3,  2,  2, -1,  2, -1, -1,  2, -1, -1,  2, -1,  1,  0,  0}  time = 265
pak[] = { 8,  8,  8,  8,  5,  3,  2,  2, -1,  2, -1, -1,  2, -1, -1,  2, -1,  1,  0,  0}  time = 266
pak[] = { 8,  8,  8,  8,  5,  3,  2,  2, -1,  2, -1, -1,  2, -1, -1,  2, -1,  1,  0,  0}  time = 267
pak[] = { 8,  8,  8,  8,  5,  3,  2,  2, -1,  2, -1, -1,  2, -1, -1,  2, -1,  1,  0,  0}  time = 268
pak[] = { 8,  8,  8,  8,  5,  3,  2,  2, -1,  2, -1, -1,  2, -1, -1,  2, -1,  1,  0,  0}  time = 269
pak[] = { 8,  8,  8,  8,  5,  3,  2,  2, -1,  2, -1, -1,  2, -1, -1,  2, -1, -1,  1,  0}  time = 270
pak[] = { 8,  8,  8,  8,  5,  3,  2,  2, -1,  2, -1, -1,  2, -1, -1,  2, -1, -1,  1,  0}  time = 271
pak[] = { 8,  8,  8,  8,  5,  3,  2,  2, -1,  2, -1, -1,  2, -1, -1,  2, -1, -1,  1,  0}  time = 272
pak[] = { 8,  8,  8,  8,  5,  3,  2,  2, -1,  2, -1, -1,  2, -1, -1,  2, -1, -1,  1,  0}  time = 273
pak[] = { 8,  8,  8,  8,  5,  3,  2,  2, -1,  2, -1, -1,  2, -1, -1,  2, -1, -1,  1,  0}  time = 274
pak[] = { 8,  8,  8,  8,  5,  3,  2,  2, -1,  2, -1, -1,  2, -1, -1,  2, -1, -1,  1,  0}  time = 275
pak[] = { 8,  8,  8,  8,  5,  3,  2,  2, -1,  2, -1, -1,  2, -1, -1,  2, -1, -1,  1,  0}  time = 276
pak[] = { 8,  8,  8,  8,  5,  3,  2,  2, -1,  2, -1, -1,  2, -1, -1,  2, -1, -1,  1,  0}  time = 277
pak[] = { 8,  8,  8,  8,  5,  3,  2,  2, -1,  2, -1, -1,  2, -1, -1,  2, -1, -1,  1,  0}  time = 278
pak[] = { 8,  8,  8,  8,  6,  3,  2,  2, -1,  2, -1, -1,  2, -1, -1,  2, -1, -1,  1,  0}  time = 279
pak[] = { 8,  8,  8,  8,  7,  4,  3,  2, -1,  2, -1, -1,  2, -1, -1,  2, -1, -1,  1,  0}  time = 280
pak[] = { 8,  8,  8,  8,  7,  5,  3,  2, -1,  2, -1, -1,  2, -1, -1,  2, -1, -1,  1,  0}  time = 281
pak[] = { 8,  8,  8,  8,  7,  5,  3,  2, -1,  2, -1, -1,  2, -1, -1,  2, -1, -1,  1,  0}  time = 282
pak[] = { 8,  8,  8,  8,  7,  5,  3,  2, -1,  2, -1, -1,  2, -1, -1,  2, -1, -1,  1,  0}  time = 283
pak[] = { 8,  8,  8,  8,  7,  5,  3,  2, -1,  2, -1, -1,  2, -1, -1,  2, -1, -1,  1,  0}  time = 284
pak[] = { 8,  8,  8,  8,  7,  5,  3,  2, -1,  2, -1, -1,  2, -1, -1,  2, -1, -1,  2,  1}  time = 285
pak[] = { 8,  8,  8,  8,  7,  5,  3,  2, -1,  2, -1, -1,  2, -1, -1,  2, -1, -1,  2,  1}  time = 286
pak[] = { 8,  8,  8,  8,  7,  5,  3,  2, -1,  2, -1, -1,  2, -1, -1,  2, -1, -1,  2,  1}  time = 287
pak[] = { 8,  8,  8,  8,  8,  5,  3,  2, -1,  2, -1, -1,  2, -1, -1,  2, -1, -1,  2,  1}  time = 288
pak[] = { 8,  8,  8,  8,  8,  5,  3,  2, -1,  2, -1, -1,  2, -1, -1,  2, -1, -1,  2,  1}  time = 289
pak[] = { 8,  8,  8,  8,  8,  5,  3,  2, -1,  2, -1, -1,  2, -1, -1,  2, -1, -1,  2,  1}  time = 290
pak[] = { 8,  8,  8,  8,  8,  5,  3,  2, -1,  2, -1, -1,  2, -1, -1,  2, -1, -1,  2,  1}  time = 291
pak[] = { 8,  8,  8,  8,  8,  5,  3,  2, -1,  2, -1, -1,  2, -1, -1,  2, -1, -1,  2,  1}  time = 292
pak[] = { 8,  8,  8,  8,  8,  5,  3,  2, -1,  2, -1, -1,  2, -1, -1,  2, -1, -1,  2,  1}  time = 293
pak[] = { 8,  8,  8,  8,  8,  5,  3,  2, -1,  2, -1, -1,  2, -1, -1,  2, -1, -1,  2,  1}  time = 294
pak[] = { 8,  8,  8,  8,  8,  5,  3,  2, -1,  2, -1, -1,  2, -1, -1,  2, -1, -1,  2,  1}  time = 295
pak[] = { 8,  8,  8,  8,  8,  5,  3,  2, -1,  2, -1, -1,  2, -1, -1,  2, -1, -1,  2,  1}  time = 296
pak[] = { 8,  8,  8,  8,  8,  5,  3,  2, -1,  2, -1, -1,  2, -1, -1,  2, -1, -1,  2,  1}  time = 297
pak[] = { 8,  8,  8,  8,  8,  5,  3,  2, -1,  2, -1, -1,  2, -1, -1,  2, -1, -1,  2,  1}  time = 298
pak[] = { 8,  8,  8,  8,  8,  5,  3,  2, -1,  2, -1, -1,  2, -1, -1,  2, -1, -1,  2,  1}  time = 299
pak[] = { 8,  8,  8,  8,  8,  5,  3,  2, -1,  2, -1, -1,  2, -1, -1,  2, -1, -1,  2, -1}  time = 300
pak[] = { 8,  8,  8,  8,  8,  5,  3,  2, -1,  2, -1, -1,  2, -1, -1,  2, -1, -1,  2, -1}  time = 301
pak[] = { 8,  8,  8,  8,  8,  5,  3,  2, -1,  2, -1, -1,  2, -1, -1,  2, -1, -1,  2, -1}  time = 302
pak[] = { 8,  8,  8,  8,  8,  5,  3,  2, -1,  2, -1, -1,  2, -1, -1,  2, -1, -1,  2, -1}  time = 303
pak[] = { 8,  8,  8,  8,  8,  5,  3,  2, -1,  2, -1, -1,  2, -1, -1,  2, -1, -1,  2, -1}  time = 304
pak[] = { 8,  8,  8,  8,  8,  5,  3,  2, -1,  2, -1, -1,  2, -1, -1,  2, -1, -1,  2, -1}  time = 305
pak[] = { 8,  8,  8,  8,  8,  5,  3,  2, -1,  2, -1, -1,  2, -1, -1,  2, -1, -1,  2, -1}  time = 306
pak[] = { 8,  8,  8,  8,  8,  5,  3,  2, -1,  2, -1, -1,  2, -1, -1,  2, -1, -1,  2, -1}  time = 307
pak[] = { 8,  8,  8,  8,  8,  5,  3,  2, -1,  2, -1, -1,  2, -1, -1,  2, -1, -1,  2, -1}  time = 308
pak[] = { 8,  8,  8,  8,  8,  5,  3,  2, -1,  2, -1, -1,  2, -1, -1,  2, -1, -1,  2, -1}  time = 309
pak[] = { 8,  8,  8,  8,  8,  5,  3,  2, -1,  2, -1, -1,  2, -1, -1,  2, -1, -1,  2, -1}  time = 310
pak[] = { 8,  8,  8,  8,  8,  5,  3,  2, -1,  2, -1, -1,  2, -1, -1,  2, -1, -1,  2, -1}  time = 311
pak[] = { 8,  8,  8,  8,  8,  5,  3,  2, -1,  2, -1, -1,  2, -1, -1,  2, -1, -1,  2, -1}  time = 312
pak[] = { 8,  8,  8,  8,  8,  5,  3,  2, -1,  2, -1, -1,  2, -1, -1,  2, -1, -1,  2, -1}  time = 313
pak[] = { 8,  8,  8,  8,  8,  5,  3,  2, -1,  2, -1, -1,  2, -1, -1,  2, -1, -1,  2, -1}  time = 314
pak[] = { 8,  8,  8,  8,  8,  5,  3,  2, -1,  2, -1, -1,  2, -1, -1,  2, -1, -1,  2, -1}  time = 315
pak[] = { 8,  8,  8,  8,  8,  5,  3,  2, -1,  2, -1, -1,  2, -1, -1,  2, -1, -1,  2, -1}  time = 316
pak[] = { 8,  8,  8,  8,  8,  5,  3,  2, -1,  2, -1, -1,  2, -1, -1,  2, -1, -1,  2, -1}  time = 317
pak[] = { 8,  8,  8,  8,  8,  5,  3,  2, -1,  2, -1, -1,  2, -1, -1,  2, -1, -1,  2, -1}  time = 318
pak[] = { 8,  8,  8,  8,  8,  5,  3,  2, -1,  2, -1, -1,  2, -1, -1,  2, -1, -1,  2, -1}  time = 319
pak[] = { 8,  8,  8,  8,  8,  5,  3,  2, -1,  2, -1, -1,  2, -1, -1,  2, -1, -1,  2, -1}  time = 320
pak[] = { 8,  8,  8,  8,  8,  5,  3,  2, -1,  2, -1, -1,  2, -1, -1,  2, -1, -1,  2, -1}  time = 321
pak[] = { 8,  8,  8,  8,  8,  5,  3,  2, -1,  2, -1, -1,  2, -1, -1,  2, -1, -1,  2, -1}  time = 322
pak[] = { 8,  8,  8,  8,  8,  6,  3,  2, -1,  2, -1, -1,  2, -1, -1,  2, -1, -1,  2, -1}  time = 323
pak[] = { 8,  8,  8,  8,  8,  7,  4,  3, -1,  2, -1, -1,  2, -1, -1,  2, -1, -1,  2, -1}  time = 324
pak[] = { 8,  8,  8,  8,  8,  7,  5,  3, -1,  2, -1, -1,  2, -1, -1,  2, -1, -1,  2, -1}  time = 325
pak[] = { 8,  8,  8,  8,  8,  7,  5,  3, -1,  2, -1, -1,  2, -1, -1,  2, -1, -1,  2, -1}  time = 326
pak[] = { 8,  8,  8,  8,  8,  7,  5,  3, -1,  2, -1, -1,  2, -1, -1,  2, -1, -1,  2, -1}  time = 327
pak[] = { 8,  8,  8,  8,  8,  7,  5,  3, -1,  2, -1, -1,  2, -1, -1,  2, -1, -1,  2, -1}  time = 328
pak[] = { 8,  8,  8,  8,  8,  7,  5,  3, -1,  2, -1, -1,  2, -1, -1,  2, -1, -1,  2, -1}  time = 329
pak[] = { 8,  8,  8,  8,  8,  7,  5,  3, -1,  2, -1, -1,  2, -1, -1,  2, -1, -1,  2, -1}  time = 330
pak[] = { 8,  8,  8,  8,  8,  7,  5,  3, -1,  2, -1, -1,  2, -1, -1,  2, -1, -1,  2, -1}  time = 331
pak[] = { 8,  8,  8,  8,  8,  8,  5,  3, -1,  2, -1, -1,  2, -1, -1,  2, -1, -1,  2, -1}  time = 332
pak[] = { 8,  8,  8,  8,  8,  8,  5,  3, -1,  2, -1, -1,  2, -1, -1,  2, -1, -1,  2, -1}  time = 333
pak[] = { 8,  8,  8,  8,  8,  8,  5,  3, -1,  2, -1, -1,  2, -1, -1,  2, -1, -1,  2, -1}  time = 334
pak[] = { 8,  8,  8,  8,  8,  8,  5,  3, -1,  2, -1, -1,  2, -1, -1,  2, -1, -1,  2, -1}  time = 335
pak[] = { 8,  8,  8,  8,  8,  8,  5,  3, -1,  2, -1, -1,  2, -1, -1,  2, -1, -1,  2, -1}  time = 336
pak[] = { 8,  8,  8,  8,  8,  8,  5,  3, -1,  2, -1, -1,  2, -1, -1,  2, -1, -1,  2, -1}  time = 337
pak[] = { 8,  8,  8,  8,  8,  8,  5,  3, -1,  2, -1, -1,  2, -1, -1,  2, -1, -1,  2, -1}  time = 338
pak[] = { 8,  8,  8,  8,  8,  8,  5,  3, -1,  2, -1, -1,  2, -1, -1,  2, -1, -1,  2, -1}  time = 339
pak[] = { 8,  8,  8,  8,  8,  8,  5,  3, -1,  2, -1, -1,  2, -1, -1,  2, -1, -1,  2, -1}  time = 340
pak[] = { 8,  8,  8,  8,  8,  8,  5,  3, -1,  2, -1, -1,  2, -1, -1,  2, -1, -1,  2, -1}  time = 341
pak[] = { 8,  8,  8,  8,  8,  8,  5,  3, -1,  2, -1, -1,  2, -1, -1,  2, -1, -1,  2, -1}  time = 342
pak[] = { 8,  8,  8,  8,  8,  8,  5,  3, -1,  2, -1, -1,  2, -1, -1,  2, -1, -1,  2, -1}  time = 343
pak[] = { 8,  8,  8,  8,  8,  8,  5,  3, -1,  2, -1, -1,  2, -1, -1,  2, -1, -1,  2, -1}  time = 344
pak[] = { 8,  8,  8,  8,  8,  8,  5,  3, -1,  2, -1, -1,  2, -1, -1,  2, -1, -1,  2, -1}  time = 345
pak[] = { 8,  8,  8,  8,  8,  8,  5,  3, -1,  2, -1, -1,  2, -1, -1,  2, -1, -1,  2, -1}  time = 346
pak[] = { 8,  8,  8,  8,  8,  8,  5,  3, -1,  2, -1, -1,  2, -1, -1,  2, -1, -1,  2, -1}  time = 347
pak[] = { 8,  8,  8,  8,  8,  8,  5,  3, -1,  2, -1, -1,  2, -1, -1,  2, -1, -1,  2, -1}  time = 348
pak[] = { 8,  8,  8,  8,  8,  8,  5,  3, -1,  2, -1, -1,  2, -1, -1,  2, -1, -1,  2, -1}  time = 349
pak[] = { 8,  8,  8,  8,  8,  8,  5,  3, -1,  2, -1, -1,  2, -1, -1,  2, -1, -1,  2, -1}  time = 350
pak[] = { 8,  8,  8,  8,  8,  8,  5,  3, -1,  2, -1, -1,  2, -1, -1,  2, -1, -1,  2, -1}  time = 351
pak[] = { 8,  8,  8,  8,  8,  8,  5,  3, -1,  2, -1, -1,  2, -1, -1,  2, -1, -1,  2, -1}  time = 352
pak[] = { 8,  8,  8,  8,  8,  8,  5,  3, -1,  2, -1, -1,  2, -1, -1,  2, -1, -1,  2, -1}  time = 353
pak[] = { 8,  8,  8,  8,  8,  8,  5,  3, -1,  2, -1, -1,  2, -1, -1,  2, -1, -1,  2, -1}  time = 354
pak[] = { 8,  8,  8,  8,  8,  8,  5,  3, -1,  2, -1, -1,  2, -1, -1,  2, -1, -1,  2, -1}  time = 355
pak[] = { 8,  8,  8,  8,  8,  8,  5,  3, -1,  2, -1, -1,  2, -1, -1,  2, -1, -1,  2, -1}  time = 356
pak[] = { 8,  8,  8,  8,  8,  8,  5,  3, -1,  2, -1, -1,  2, -1, -1,  2, -1, -1,  2, -1}  time = 357
pak[] = { 8,  8,  8,  8,  8,  8,  5,  3, -1,  2, -1, -1,  2, -1, -1,  2, -1, -1,  2, -1}  time = 358
pak[] = { 8,  8,  8,  8,  8,  8,  5,  3, -1,  2, -1, -1,  2, -1, -1,  2, -1, -1,  2, -1}  time = 359
pak[] = { 8,  8,  8,  8,  8,  8,  5,  3, -1,  2, -1, -1,  2, -1, -1,  2, -1, -1,  2, -1}  time = 360
pak[] = { 8,  8,  8,  8,  8,  8,  5,  3, -1,  2, -1, -1,  2, -1, -1,  2, -1, -1,  2, -1}  time = 361
pak[] = { 8,  8,  8,  8,  8,  8,  5,  3, -1,  2, -1, -1,  2, -1, -1,  2, -1, -1,  2, -1}  time = 362
pak[] = { 8,  8,  8,  8,  8,  8,  5,  3, -1,  2, -1, -1,  2, -1, -1,  2, -1, -1,  2, -1}  time = 363
pak[] = { 8,  8,  8,  8,  8,  8,  5,  3, -1,  2, -1, -1,  2, -1, -1,  2, -1, -1,  2, -1}  time = 364
pak[] = { 8,  8,  8,  8,  8,  8,  5,  3, -1,  2, -1, -1,  2, -1, -1,  2, -1, -1,  2, -1}  time = 365
pak[] = { 8,  8,  8,  8,  8,  8,  5,  3, -1,  2, -1, -1,  2, -1, -1,  2, -1, -1,  2, -1}  time = 366
pak[] = { 8,  8,  8,  8,  8,  8,  6,  3, -1,  2, -1, -1,  2, -1, -1,  2, -1, -1,  2, -1}  time = 367
pak[] = { 8,  8,  8,  8,  8,  8,  7,  4, -1,  3, -1, -1,  2, -1, -1,  2, -1, -1,  2, -1}  time = 368
pak[] = { 8,  8,  8,  8,  8,  8,  7,  5, -1,  3, -1, -1,  2, -1, -1,  2, -1, -1,  2, -1}  time = 369
pak[] = { 8,  8,  8,  8,  8,  8,  7,  5, -1,  3, -1, -1,  2, -1, -1,  2, -1, -1,  2, -1}  time = 370
pak[] = { 8,  8,  8,  8,  8,  8,  7,  5, -1,  3, -1, -1,  2, -1, -1,  2, -1, -1,  2, -1}  time = 371
pak[] = { 8,  8,  8,  8,  8,  8,  7,  5, -1,  3, -1, -1,  2, -1, -1,  2, -1, -1,  2, -1}  time = 372
pak[] = { 8,  8,  8,  8,  8,  8,  7,  5, -1,  3, -1, -1,  2, -1, -1,  2, -1, -1,  2, -1}  time = 373
pak[] = { 8,  8,  8,  8,  8,  8,  7,  5, -1,  3, -1, -1,  2, -1, -1,  2, -1, -1,  2, -1}  time = 374
pak[] = { 8,  8,  8,  8,  8,  8,  7,  5, -1,  3, -1, -1,  2, -1, -1,  2, -1, -1,  2, -1}  time = 375
pak[] = { 8,  8,  8,  8,  8,  8,  8,  5, -1,  3, -1, -1,  2, -1, -1,  2, -1, -1,  2, -1}  time = 376
pak[] = { 8,  8,  8,  8,  8,  8,  8,  5, -1,  3, -1, -1,  2, -1, -1,  2, -1, -1,  2, -1}  time = 377
pak[] = { 8,  8,  8,  8,  8,  8,  8,  5, -1,  3, -1, -1,  2, -1, -1,  2, -1, -1,  2, -1}  time = 378
pak[] = { 8,  8,  8,  8,  8,  8,  8,  5, -1,  3, -1, -1,  2, -1, -1,  2, -1, -1,  2, -1}  time = 379
pak[] = { 8,  8,  8,  8,  8,  8,  8,  5, -1,  3, -1, -1,  2, -1, -1,  2, -1, -1,  2, -1}  time = 380
pak[] = { 8,  8,  8,  8,  8,  8,  8,  5, -1,  3, -1, -1,  2, -1, -1,  2, -1, -1,  2, -1}  time = 381
pak[] = { 8,  8,  8,  8,  8,  8,  8,  5, -1,  3, -1, -1,  2, -1, -1,  2, -1, -1,  2, -1}  time = 382
pak[] = { 8,  8,  8,  8,  8,  8,  8,  5, -1,  3, -1, -1,  2, -1, -1,  2, -1, -1,  2, -1}  time = 383
pak[] = { 8,  8,  8,  8,  8,  8,  8,  5, -1,  3, -1, -1,  2, -1, -1,  2, -1, -1,  2, -1}  time = 384
pak[] = { 8,  8,  8,  8,  8,  8,  8,  5, -1,  3, -1, -1,  2, -1, -1,  2, -1, -1,  2, -1}  time = 385
pak[] = { 8,  8,  8,  8,  8,  8,  8,  5, -1,  3, -1, -1,  2, -1, -1,  2, -1, -1,  2, -1}  time = 386
pak[] = { 8,  8,  8,  8,  8,  8,  8,  5, -1,  3, -1, -1,  2, -1, -1,  2, -1, -1,  2, -1}  time = 387
pak[] = { 8,  8,  8,  8,  8,  8,  8,  5, -1,  3, -1, -1,  2, -1, -1,  2, -1, -1,  2, -1}  time = 388
pak[] = { 8,  8,  8,  8,  8,  8,  8,  5, -1,  3, -1, -1,  2, -1, -1,  2, -1, -1,  2, -1}  time = 389
pak[] = { 8,  8,  8,  8,  8,  8,  8,  5, -1,  3, -1, -1,  2, -1, -1,  2, -1, -1,  2, -1}  time = 390
pak[] = { 8,  8,  8,  8,  8,  8,  8,  5, -1,  3, -1, -1,  2, -1, -1,  2, -1, -1,  2, -1}  time = 391
pak[] = { 8,  8,  8,  8,  8,  8,  8,  5, -1,  3, -1, -1,  2, -1, -1,  2, -1, -1,  2, -1}  time = 392
pak[] = { 8,  8,  8,  8,  8,  8,  8,  5, -1,  3, -1, -1,  2, -1, -1,  2, -1, -1,  2, -1}  time = 393
pak[] = { 8,  8,  8,  8,  8,  8,  8,  5, -1,  3, -1, -1,  2, -1, -1,  2, -1, -1,  2, -1}  time = 394
pak[] = { 8,  8,  8,  8,  8,  8,  8,  5, -1,  3, -1, -1,  2, -1, -1,  2, -1, -1,  2, -1}  time = 395
pak[] = { 8,  8,  8,  8,  8,  8,  8,  5, -1,  3, -1, -1,  2, -1, -1,  2, -1, -1,  2, -1}  time = 396
pak[] = { 8,  8,  8,  8,  8,  8,  8,  5, -1,  3, -1, -1,  2, -1, -1,  2, -1, -1,  2, -1}  time = 397
pak[] = { 8,  8,  8,  8,  8,  8,  8,  5, -1,  3, -1, -1,  2, -1, -1,  2, -1, -1,  2, -1}  time = 398
pak[] = { 8,  8,  8,  8,  8,  8,  8,  5, -1,  3, -1, -1,  2, -1, -1,  2, -1, -1,  2, -1}  time = 399
pak[] = { 8,  8,  8,  8,  8,  8,  8,  5, -1,  3, -1, -1,  2, -1, -1,  2, -1, -1,  2, -1}  time = 400
pak[] = { 8,  8,  8,  8,  8,  8,  8,  5, -1,  3, -1, -1,  2, -1, -1,  2, -1, -1,  2, -1}  time = 401
pak[] = { 8,  8,  8,  8,  8,  8,  8,  5, -1,  3, -1, -1,  2, -1, -1,  2, -1, -1,  2, -1}  time = 402
pak[] = { 8,  8,  8,  8,  8,  8,  8,  5, -1,  3, -1, -1,  2, -1, -1,  2, -1, -1,  2, -1}  time = 403
pak[] = { 8,  8,  8,  8,  8,  8,  8,  5, -1,  3, -1, -1,  2, -1, -1,  2, -1, -1,  2, -1}  time = 404
pak[] = { 8,  8,  8,  8,  8,  8,  8,  5, -1,  3, -1, -1,  2, -1, -1,  2, -1, -1,  2, -1}  time = 405
pak[] = { 8,  8,  8,  8,  8,  8,  8,  5, -1,  3, -1, -1,  2, -1, -1,  2, -1, -1,  2, -1}  time = 406
pak[] = { 8,  8,  8,  8,  8,  8,  8,  5, -1,  3, -1, -1,  2, -1, -1,  2, -1, -1,  2, -1}  time = 407
pak[] = { 8,  8,  8,  8,  8,  8,  8,  5, -1,  3, -1, -1,  2, -1, -1,  2, -1, -1,  2, -1}  time = 408
pak[] = { 8,  8,  8,  8,  8,  8,  8,  5, -1,  3, -1, -1,  2, -1, -1,  2, -1, -1,  2, -1}  time = 409
pak[] = { 8,  8,  8,  8,  8,  8,  8,  5, -1,  3, -1, -1,  2, -1, -1,  2, -1, -1,  2, -1}  time = 410
pak[] = { 8,  8,  8,  8,  8,  8,  8,  6, -1,  3, -1, -1,  2, -1, -1,  2, -1, -1,  2, -1}  time = 411
pak[] = { 8,  8,  8,  8,  8,  8,  8,  7, -1,  4, -1, -1,  3, -1, -1,  2, -1, -1,  2, -1}  time = 412
pak[] = { 8,  8,  8,  8,  8,  8,  8,  7, -1,  5, -1, -1,  3, -1, -1,  2, -1, -1,  2, -1}  time = 413
pak[] = { 8,  8,  8,  8,  8,  8,  8,  7, -1,  5, -1, -1,  3, -1, -1,  2, -1, -1,  2, -1}  time = 414
pak[] = { 8,  8,  8,  8,  8,  8,  8,  7, -1,  5, -1, -1,  3, -1, -1,  2, -1, -1,  2, -1}  time = 415
pak[] = { 8,  8,  8,  8,  8,  8,  8,  7, -1,  5, -1, -1,  3, -1, -1,  2, -1, -1,  2, -1}  time = 416
pak[] = { 8,  8,  8,  8,  8,  8,  8,  7, -1,  5, -1, -1,  3, -1, -1,  2, -1, -1,  2, -1}  time = 417
pak[] = { 8,  8,  8,  8,  8,  8,  8,  7, -1,  5, -1, -1,  3, -1, -1,  2, -1, -1,  2, -1}  time = 418
pak[] = { 8,  8,  8,  8,  8,  8,  8,  7, -1,  5, -1, -1,  3, -1, -1,  2, -1, -1,  2, -1}  time = 419
pak[] = { 8,  8,  8,  8,  8,  8,  8,  8, -1,  5, -1, -1,  3, -1, -1,  2, -1, -1,  2, -1}  time = 420
pak[] = { 8,  8,  8,  8,  8,  8,  8,  8, -1,  5, -1, -1,  3, -1, -1,  2, -1, -1,  2, -1}  time = 421
pak[] = { 8,  8,  8,  8,  8,  8,  8,  8, -1,  5, -1, -1,  3, -1, -1,  2, -1, -1,  2, -1}  time = 422
pak[] = { 8,  8,  8,  8,  8,  8,  8,  8, -1,  5, -1, -1,  3, -1, -1,  2, -1, -1,  2, -1}  time = 423
pak[] = { 8,  8,  8,  8,  8,  8,  8,  8, -1,  5, -1, -1,  3, -1, -1,  2, -1, -1,  2, -1}  time = 424
pak[] = { 8,  8,  8,  8,  8,  8,  8,  8, -1,  5, -1, -1,  3, -1, -1,  2, -1, -1,  2, -1}  time = 425
pak[] = { 8,  8,  8,  8,  8,  8,  8,  8, -1,  5, -1, -1,  3, -1, -1,  2, -1, -1,  2, -1}  time = 426
pak[] = { 8,  8,  8,  8,  8,  8,  8,  8, -1,  5, -1, -1,  3, -1, -1,  2, -1, -1,  2, -1}  time = 427
pak[] = { 8,  8,  8,  8,  8,  8,  8,  8, -1,  5, -1, -1,  3, -1, -1,  2, -1, -1,  2, -1}  time = 428
pak[] = { 8,  8,  8,  8,  8,  8,  8,  8, -1,  5, -1, -1,  3, -1, -1,  2, -1, -1,  2, -1}  time = 429
pak[] = { 8,  8,  8,  8,  8,  8,  8,  8, -1,  5, -1, -1,  3, -1, -1,  2, -1, -1,  2, -1}  time = 430
pak[] = { 8,  8,  8,  8,  8,  8,  8,  8, -1,  5, -1, -1,  3, -1, -1,  2, -1, -1,  2, -1}  time = 431
pak[] = { 8,  8,  8,  8,  8,  8,  8,  8, -1,  5, -1, -1,  3, -1, -1,  2, -1, -1,  2, -1}  time = 432
pak[] = { 8,  8,  8,  8,  8,  8,  8,  8, -1,  5, -1, -1,  3, -1, -1,  2, -1, -1,  2, -1}  time = 433
pak[] = { 8,  8,  8,  8,  8,  8,  8,  8, -1,  5, -1, -1,  3, -1, -1,  2, -1, -1,  2, -1}  time = 434
pak[] = { 8,  8,  8,  8,  8,  8,  8,  8, -1,  5, -1, -1,  3, -1, -1,  2, -1, -1,  2, -1}  time = 435
pak[] = { 8,  8,  8,  8,  8,  8,  8,  8, -1,  5, -1, -1,  3, -1, -1,  2, -1, -1,  2, -1}  time = 436
pak[] = { 8,  8,  8,  8,  8,  8,  8,  8, -1,  5, -1, -1,  3, -1, -1,  2, -1, -1,  2, -1}  time = 437
pak[] = { 8,  8,  8,  8,  8,  8,  8,  8, -1,  5, -1, -1,  3, -1, -1,  2, -1, -1,  2, -1}  time = 438
pak[] = { 8,  8,  8,  8,  8,  8,  8,  8, -1,  5, -1, -1,  3, -1, -1,  2, -1, -1,  2, -1}  time = 439
pak[] = { 8,  8,  8,  8,  8,  8,  8,  8, -1,  5, -1, -1,  3, -1, -1,  2, -1, -1,  2, -1}  time = 440
pak[] = { 8,  8,  8,  8,  8,  8,  8,  8, -1,  5, -1, -1,  3, -1, -1,  2, -1, -1,  2, -1}  time = 441
pak[] = { 8,  8,  8,  8,  8,  8,  8,  8, -1,  5, -1, -1,  3, -1, -1,  2, -1, -1,  2, -1}  time = 442
pak[] = { 8,  8,  8,  8,  8,  8,  8,  8, -1,  5, -1, -1,  3, -1, -1,  2, -1, -1,  2, -1}  time = 443
pak[] = { 8,  8,  8,  8,  8,  8,  8,  8, -1,  5, -1, -1,  3, -1, -1,  2, -1, -1,  2, -1}  time = 444
pak[] = { 8,  8,  8,  8,  8,  8,  8,  8, -1,  5, -1, -1,  3, -1, -1,  2, -1, -1,  2, -1}  time = 445
pak[] = { 8,  8,  8,  8,  8,  8,  8,  8, -1,  5, -1, -1,  3, -1, -1,  2, -1, -1,  2, -1}  time = 446
pak[] = { 8,  8,  8,  8,  8,  8,  8,  8, -1,  5, -1, -1,  3, -1, -1,  2, -1, -1,  2, -1}  time = 447
pak[] = { 8,  8,  8,  8,  8,  8,  8,  8, -1,  5, -1, -1,  3, -1, -1,  2, -1, -1,  2, -1}  time = 448
pak[] = { 8,  8,  8,  8,  8,  8,  8,  8, -1,  5, -1, -1,  3, -1, -1,  2, -1, -1,  2, -1}  time = 449
pak[] = { 8,  8,  8,  8,  8,  8,  8,  8, -1,  5, -1, -1,  3, -1, -1,  2, -1, -1,  2, -1}  time = 450
pak[] = { 8,  8,  8,  8,  8,  8,  8,  8, -1,  5, -1, -1,  3, -1, -1,  2, -1, -1,  2, -1}  time = 451
pak[] = { 8,  8,  8,  8,  8,  8,  8,  8, -1,  5, -1, -1,  3, -1, -1,  2, -1, -1,  2, -1}  time = 452
pak[] = { 8,  8,  8,  8,  8,  8,  8,  8, -1,  5, -1, -1,  3, -1, -1,  2, -1, -1,  2, -1}  time = 453
pak[] = { 8,  8,  8,  8,  8,  8,  8,  8, -1,  5, -1, -1,  3, -1, -1,  2, -1, -1,  2, -1}  time = 454
pak[] = { 8,  8,  8,  8,  8,  8,  8,  8, -1,  6, -1, -1,  3, -1, -1,  2, -1, -1,  2, -1}  time = 455
pak[] = { 8,  8,  8,  8,  8,  8,  8,  8, -1,  7, -1, -1,  4, -1, -1,  3, -1, -1,  2, -1}  time = 456
pak[] = { 8,  8,  8,  8,  8,  8,  8,  8, -1,  7, -1, -1,  5, -1, -1,  3, -1, -1,  2, -1}  time = 457
pak[] = { 8,  8,  8,  8,  8,  8,  8,  8, -1,  7, -1, -1,  5, -1, -1,  3, -1, -1,  2, -1}  time = 458
pak[] = { 8,  8,  8,  8,  8,  8,  8,  8, -1,  7, -1, -1,  5, -1, -1,  3, -1, -1,  2, -1}  time = 459
pak[] = { 8,  8,  8,  8,  8,  8,  8,  8, -1,  7, -1, -1,  5, -1, -1,  3, -1, -1,  2, -1}  time = 460
pak[] = { 8,  8,  8,  8,  8,  8,  8,  8, -1,  7, -1, -1,  5, -1, -1,  3, -1, -1,  2, -1}  time = 461
pak[] = { 8,  8,  8,  8,  8,  8,  8,  8, -1,  7, -1, -1,  5, -1, -1,  3, -1, -1,  2, -1}  time = 462
pak[] = { 8,  8,  8,  8,  8,  8,  8,  8, -1,  7, -1, -1,  5, -1, -1,  3, -1, -1,  2, -1}  time = 463
pak[] = { 8,  8,  8,  8,  8,  8,  8,  8, -1,  8, -1, -1,  5, -1, -1,  3, -1, -1,  2, -1}  time = 464
pak[] = { 8,  8,  8,  8,  8,  8,  8,  8, -1,  8, -1, -1,  5, -1, -1,  3, -1, -1,  2, -1}  time = 465
pak[] = { 8,  8,  8,  8,  8,  8,  8,  8, -1,  8, -1, -1,  5, -1, -1,  3, -1, -1,  2, -1}  time = 466
pak[] = { 8,  8,  8,  8,  8,  8,  8,  8, -1,  8, -1, -1,  5, -1, -1,  3, -1, -1,  2, -1}  time = 467
pak[] = { 8,  8,  8,  8,  8,  8,  8,  8, -1,  8, -1, -1,  5, -1, -1,  3, -1, -1,  2, -1}  time = 468
pak[] = { 8,  8,  8,  8,  8,  8,  8,  8, -1,  8, -1, -1,  5, -1, -1,  3, -1, -1,  2, -1}  time = 469
pak[] = { 8,  8,  8,  8,  8,  8,  8,  8, -1,  8, -1, -1,  5, -1, -1,  3, -1, -1,  2, -1}  time = 470
pak[] = { 8,  8,  8,  8,  8,  8,  8,  8, -1,  8, -1, -1,  5, -1, -1,  3, -1, -1,  2, -1}  time = 471
pak[] = { 8,  8,  8,  8,  8,  8,  8,  8, -1,  8, -1, -1,  5, -1, -1,  3, -1, -1,  2, -1}  time = 472
pak[] = { 8,  8,  8,  8,  8,  8,  8,  8, -1,  8, -1, -1,  5, -1, -1,  3, -1, -1,  2, -1}  time = 473
pak[] = { 8,  8,  8,  8,  8,  8,  8,  8, -1,  8, -1, -1,  5, -1, -1,  3, -1, -1,  2, -1}  time = 474
pak[] = { 8,  8,  8,  8,  8,  8,  8,  8, -1,  8, -1, -1,  5, -1, -1,  3, -1, -1,  2, -1}  time = 475
pak[] = { 8,  8,  8,  8,  8,  8,  8,  8, -1,  8, -1, -1,  5, -1, -1,  3, -1, -1,  2, -1}  time = 476
pak[] = { 8,  8,  8,  8,  8,  8,  8,  8, -1,  8, -1, -1,  5, -1, -1,  3, -1, -1,  2, -1}  time = 477
pak[] = { 8,  8,  8,  8,  8,  8,  8,  8, -1,  8, -1, -1,  5, -1, -1,  3, -1, -1,  2, -1}  time = 478
pak[] = { 8,  8,  8,  8,  8,  8,  8,  8, -1,  8, -1, -1,  5, -1, -1,  3, -1, -1,  2, -1}  time = 479
pak[] = { 8,  8,  8,  8,  8,  8,  8,  8, -1,  8, -1, -1,  5, -1, -1,  3, -1, -1,  2, -1}  time = 480
pak[] = { 8,  8,  8,  8,  8,  8,  8,  8, -1,  8, -1, -1,  5, -1, -1,  3, -1, -1,  2, -1}  time = 481
pak[] = { 8,  8,  8,  8,  8,  8,  8,  8, -1,  8, -1, -1,  5, -1, -1,  3, -1, -1,  2, -1}  time = 482
pak[] = { 8,  8,  8,  8,  8,  8,  8,  8, -1,  8, -1, -1,  5, -1, -1,  3, -1, -1,  2, -1}  time = 483
pak[] = { 8,  8,  8,  8,  8,  8,  8,  8, -1,  8, -1, -1,  5, -1, -1,  3, -1, -1,  2, -1}  time = 484
pak[] = { 8,  8,  8,  8,  8,  8,  8,  8, -1,  8, -1, -1,  5, -1, -1,  3, -1, -1,  2, -1}  time = 485
pak[] = { 8,  8,  8,  8,  8,  8,  8,  8, -1,  8, -1, -1,  5, -1, -1,  3, -1, -1,  2, -1}  time = 486
pak[] = { 8,  8,  8,  8,  8,  8,  8,  8, -1,  8, -1, -1,  5, -1, -1,  3, -1, -1,  2, -1}  time = 487
pak[] = { 8,  8,  8,  8,  8,  8,  8,  8, -1,  8, -1, -1,  5, -1, -1,  3, -1, -1,  2, -1}  time = 488
pak[] = { 8,  8,  8,  8,  8,  8,  8,  8, -1,  8, -1, -1,  5, -1, -1,  3, -1, -1,  2, -1}  time = 489
pak[] = { 8,  8,  8,  8,  8,  8,  8,  8, -1,  8, -1, -1,  5, -1, -1,  3, -1, -1,  2, -1}  time = 490
pak[] = { 8,  8,  8,  8,  8,  8,  8,  8, -1,  8, -1, -1,  5, -1, -1,  3, -1, -1,  2, -1}  time = 491
pak[] = { 8,  8,  8,  8,  8,  8,  8,  8, -1,  8, -1, -1,  5, -1, -1,  3, -1, -1,  2, -1}  time = 492
pak[] = { 8,  8,  8,  8,  8,  8,  8,  8, -1,  8, -1, -1,  5, -1, -1,  3, -1, -1,  2, -1}  time = 493
pak[] = { 8,  8,  8,  8,  8,  8,  8,  8, -1,  8, -1, -1,  5, -1, -1,  3, -1, -1,  2, -1}  time = 494
pak[] = { 8,  8,  8,  8,  8,  8,  8,  8, -1,  8, -1, -1,  5, -1, -1,  3, -1, -1,  2, -1}  time = 495
pak[] = { 8,  8,  8,  8,  8,  8,  8,  8, -1,  8, -1, -1,  5, -1, -1,  3, -1, -1,  2, -1}  time = 496
pak[] = { 8,  8,  8,  8,  8,  8,  8,  8, -1,  8, -1, -1,  5, -1, -1,  3, -1, -1,  2, -1}  time = 497
pak[] = { 8,  8,  8,  8,  8,  8,  8,  8, -1,  8, -1, -1,  5, -1, -1,  3, -1, -1,  2, -1}  time = 498
pak[] = { 8,  8,  8,  8,  8,  8,  8,  8, -1,  8, -1, -1,  6, -1, -1,  3, -1, -1,  2, -1}  time = 499
pak[] = { 8,  8,  8,  8,  8,  8,  8,  8, -1,  8, -1, -1,  7, -1, -1,  4, -1, -1,  3, -1}  time = 500
pak[] = { 8,  8,  8,  8,  8,  8,  8,  8, -1,  8, -1, -1,  7, -1, -1,  5, -1, -1,  3, -1}  time = 501
pak[] = { 8,  8,  8,  8,  8,  8,  8,  8, -1,  8, -1, -1,  7, -1, -1,  5, -1, -1,  3, -1}  time = 502
pak[] = { 8,  8,  8,  8,  8,  8,  8,  8, -1,  8, -1, -1,  7, -1, -1,  5, -1, -1,  3, -1}  time = 503
pak[] = { 8,  8,  8,  8,  8,  8,  8,  8, -1,  8, -1, -1,  7, -1, -1,  5, -1, -1,  3, -1}  time = 504
pak[] = { 8,  8,  8,  8,  8,  8,  8,  8, -1,  8, -1, -1,  7, -1, -1,  5, -1, -1,  3, -1}  time = 505
pak[] = { 8,  8,  8,  8,  8,  8,  8,  8, -1,  8, -1, -1,  7, -1, -1,  5, -1, -1,  3, -1}  time = 506
pak[] = { 8,  8,  8,  8,  8,  8,  8,  8, -1,  8, -1, -1,  7, -1, -1,  5, -1, -1,  3, -1}  time = 507
pak[] = { 8,  8,  8,  8,  8,  8,  8,  8, -1,  8, -1, -1,  8, -1, -1,  5, -1, -1,  3, -1}  time = 508
pak[] = { 8,  8,  8,  8,  8,  8,  8,  8, -1,  8, -1, -1,  8, -1, -1,  5, -1, -1,  3, -1}  time = 509
pak[] = { 8,  8,  8,  8,  8,  8,  8,  8, -1,  8, -1, -1,  8, -1, -1,  5, -1, -1,  3, -1}  time = 510
pak[] = { 8,  8,  8,  8,  8,  8,  8,  8, -1,  8, -1, -1,  8, -1, -1,  5, -1, -1,  3, -1}  time = 511
pak[] = { 8,  8,  8,  8,  8,  8,  8,  8, -1,  8, -1, -1,  8, -1, -1,  5, -1, -1,  3, -1}  time = 512
pak[] = { 8,  8,  8,  8,  8,  8,  8,  8, -1,  8, -1, -1,  8, -1, -1,  5, -1, -1,  3, -1}  time = 513
pak[] = { 8,  8,  8,  8,  8,  8,  8,  8, -1,  8, -1, -1,  8, -1, -1,  5, -1, -1,  3, -1}  time = 514
pak[] = { 8,  8,  8,  8,  8,  8,  8,  8, -1,  8, -1, -1,  8, -1, -1,  5, -1, -1,  3, -1}  time = 515
pak[] = { 8,  8,  8,  8,  8,  8,  8,  8, -1,  8, -1, -1,  8, -1, -1,  5, -1, -1,  3, -1}  time = 516
pak[] = { 8,  8,  8,  8,  8,  8,  8,  8, -1,  8, -1, -1,  8, -1, -1,  5, -1, -1,  3, -1}  time = 517
pak[] = { 8,  8,  8,  8,  8,  8,  8,  8, -1,  8, -1, -1,  8, -1, -1,  5, -1, -1,  3, -1}  time = 518
pak[] = { 8,  8,  8,  8,  8,  8,  8,  8, -1,  8, -1, -1,  8, -1, -1,  5, -1, -1,  3, -1}  time = 519
pak[] = { 8,  8,  8,  8,  8,  8,  8,  8, -1,  8, -1, -1,  8, -1, -1,  5, -1, -1,  3, -1}  time = 520
pak[] = { 8,  8,  8,  8,  8,  8,  8,  8, -1,  8, -1, -1,  8, -1, -1,  5, -1, -1,  3, -1}  time = 521
pak[] = { 8,  8,  8,  8,  8,  8,  8,  8, -1,  8, -1, -1,  8, -1, -1,  5, -1, -1,  3, -1}  time = 522
pak[] = { 8,  8,  8,  8,  8,  8,  8,  8, -1,  8, -1, -1,  8, -1, -1,  5, -1, -1,  3, -1}  time = 523
pak[] = { 8,  8,  8,  8,  8,  8,  8,  8, -1,  8, -1, -1,  8, -1, -1,  5, -1, -1,  3, -1}  time = 524
pak[] = { 8,  8,  8,  8,  8,  8,  8,  8, -1,  8, -1, -1,  8, -1, -1,  5, -1, -1,  3, -1}  time = 525
pak[] = { 8,  8,  8,  8,  8,  8,  8,  8, -1,  8, -1, -1,  8, -1, -1,  5, -1, -1,  3, -1}  time = 526
pak[] = { 8,  8,  8,  8,  8,  8,  8,  8, -1,  8, -1, -1,  8, -1, -1,  5, -1, -1,  3, -1}  time = 527
pak[] = { 8,  8,  8,  8,  8,  8,  8,  8, -1,  8, -1, -1,  8, -1, -1,  5, -1, -1,  3, -1}  time = 528
pak[] = { 8,  8,  8,  8,  8,  8,  8,  8, -1,  8, -1, -1,  8, -1, -1,  5, -1, -1,  3, -1}  time = 529
pak[] = { 8,  8,  8,  8,  8,  8,  8,  8, -1,  8, -1, -1,  8, -1, -1,  5, -1, -1,  3, -1}  time = 530
pak[] = { 8,  8,  8,  8,  8,  8,  8,  8, -1,  8, -1, -1,  8, -1, -1,  5, -1, -1,  3, -1}  time = 531
pak[] = { 8,  8,  8,  8,  8,  8,  8,  8, -1,  8, -1, -1,  8, -1, -1,  5, -1, -1,  3, -1}  time = 532
pak[] = { 8,  8,  8,  8,  8,  8,  8,  8, -1,  8, -1, -1,  8, -1, -1,  5, -1, -1,  3, -1}  time = 533
pak[] = { 8,  8,  8,  8,  8,  8,  8,  8, -1,  8, -1, -1,  8, -1, -1,  5, -1, -1,  3, -1}  time = 534
pak[] = { 8,  8,  8,  8,  8,  8,  8,  8, -1,  8, -1, -1,  8, -1, -1,  5, -1, -1,  3, -1}  time = 535
pak[] = { 8,  8,  8,  8,  8,  8,  8,  8, -1,  8, -1, -1,  8, -1, -1,  5, -1, -1,  3, -1}  time = 536
pak[] = { 8,  8,  8,  8,  8,  8,  8,  8, -1,  8, -1, -1,  8, -1, -1,  5, -1, -1,  3, -1}  time = 537
pak[] = { 8,  8,  8,  8,  8,  8,  8,  8, -1,  8, -1, -1,  8, -1, -1,  5, -1, -1,  3, -1}  time = 538
pak[] = { 8,  8,  8,  8,  8,  8,  8,  8, -1,  8, -1, -1,  8, -1, -1,  5, -1, -1,  3, -1}  time = 539
pak[] = { 8,  8,  8,  8,  8,  8,  8,  8, -1,  8, -1, -1,  8, -1, -1,  5, -1, -1,  3, -1}  time = 540
pak[] = { 8,  8,  8,  8,  8,  8,  8,  8, -1,  8, -1, -1,  8, -1, -1,  5, -1, -1,  3, -1}  time = 541
pak[] = { 8,  8,  8,  8,  8,  8,  8,  8, -1,  8, -1, -1,  8, -1, -1,  5, -1, -1,  3, -1}  time = 542
pak[] = { 8,  8,  8,  8,  8,  8,  8,  8, -1,  8, -1, -1,  8, -1, -1,  6, -1, -1,  3, -1}  time = 543
pak[] = { 8,  8,  8,  8,  8,  8,  8,  8, -1,  8, -1, -1,  8, -1, -1,  7, -1, -1,  4, -1}  time = 544
pak[] = { 8,  8,  8,  8,  8,  8,  8,  8, -1,  8, -1, -1,  8, -1, -1,  7, -1, -1,  5, -1}  time = 545
pak[] = { 8,  8,  8,  8,  8,  8,  8,  8, -1,  8, -1, -1,  8, -1, -1,  7, -1, -1,  5, -1}  time = 546
pak[] = { 8,  8,  8,  8,  8,  8,  8,  8, -1,  8, -1, -1,  8, -1, -1,  7, -1, -1,  5, -1}  time = 547
pak[] = { 8,  8,  8,  8,  8,  8,  8,  8, -1,  8, -1, -1,  8, -1, -1,  7, -1, -1,  5, -1}  time = 548
pak[] = { 8,  8,  8,  8,  8,  8,  8,  8, -1,  8, -1, -1,  8, -1, -1,  7, -1, -1,  5, -1}  time = 549
pak[] = { 8,  8,  8,  8,  8,  8,  8,  8, -1,  8, -1, -1,  8, -1, -1,  7, -1, -1,  5, -1}  time = 550
pak[] = { 8,  8,  8,  8,  8,  8,  8,  8, -1,  8, -1, -1,  8, -1, -1,  7, -1, -1,  5, -1}  time = 551
pak[] = { 8,  8,  8,  8,  8,  8,  8,  8, -1,  8, -1, -1,  8, -1, -1,  8, -1, -1,  5, -1}  time = 552
pak[] = { 8,  8,  8,  8,  8,  8,  8,  8, -1,  8, -1, -1,  8, -1, -1,  8, -1, -1,  5, -1}  time = 553
pak[] = { 8,  8,  8,  8,  8,  8,  8,  8, -1,  8, -1, -1,  8, -1, -1,  8, -1, -1,  5, -1}  time = 554
pak[] = { 8,  8,  8,  8,  8,  8,  8,  8, -1,  8, -1, -1,  8, -1, -1,  8, -1, -1,  5, -1}  time = 555
pak[] = { 8,  8,  8,  8,  8,  8,  8,  8, -1,  8, -1, -1,  8, -1, -1,  8, -1, -1,  5, -1}  time = 556
pak[] = { 8,  8,  8,  8,  8,  8,  8,  8, -1,  8, -1, -1,  8, -1, -1,  8, -1, -1,  5, -1}  time = 557
pak[] = { 8,  8,  8,  8,  8,  8,  8,  8, -1,  8, -1, -1,  8, -1, -1,  8, -1, -1,  5, -1}  time = 558
pak[] = { 8,  8,  8,  8,  8,  8,  8,  8, -1,  8, -1, -1,  8, -1, -1,  8, -1, -1,  5, -1}  time = 559
pak[] = { 8,  8,  8,  8,  8,  8,  8,  8, -1,  8, -1, -1,  8, -1, -1,  8, -1, -1,  5, -1}  time = 560
pak[] = { 8,  8,  8,  8,  8,  8,  8,  8, -1,  8, -1, -1,  8, -1, -1,  8, -1, -1,  5, -1}  time = 561
pak[] = { 8,  8,  8,  8,  8,  8,  8,  8, -1,  8, -1, -1,  8, -1, -1,  8, -1, -1,  5, -1}  time = 562
pak[] = { 8,  8,  8,  8,  8,  8,  8,  8, -1,  8, -1, -1,  8, -1, -1,  8, -1, -1,  5, -1}  time = 563
pak[] = { 8,  8,  8,  8,  8,  8,  8,  8, -1,  8, -1, -1,  8, -1, -1,  8, -1, -1,  5, -1}  time = 564
pak[] = { 8,  8,  8,  8,  8,  8,  8,  8, -1,  8, -1, -1,  8, -1, -1,  8, -1, -1,  5, -1}  time = 565
pak[] = { 8,  8,  8,  8,  8,  8,  8,  8, -1,  8, -1, -1,  8, -1, -1,  8, -1, -1,  5, -1}  time = 566
pak[] = { 8,  8,  8,  8,  8,  8,  8,  8, -1,  8, -1, -1,  8, -1, -1,  8, -1, -1,  5, -1}  time = 567
pak[] = { 8,  8,  8,  8,  8,  8,  8,  8, -1,  8, -1, -1,  8, -1, -1,  8, -1, -1,  5, -1}  time = 568
pak[] = { 8,  8,  8,  8,  8,  8,  8,  8, -1,  8, -1, -1,  8, -1, -1,  8, -1, -1,  5, -1}  time = 569
pak[] = { 8,  8,  8,  8,  8,  8,  8,  8, -1,  8, -1, -1,  8, -1, -1,  8, -1, -1,  5, -1}  time = 570
pak[] = { 8,  8,  8,  8,  8,  8,  8,  8, -1,  8, -1, -1,  8, -1, -1,  8, -1, -1,  5, -1}  time = 571
pak[] = { 8,  8,  8,  8,  8,  8,  8,  8, -1,  8, -1, -1,  8, -1, -1,  8, -1, -1,  5, -1}  time = 572
pak[] = { 8,  8,  8,  8,  8,  8,  8,  8, -1,  8, -1, -1,  8, -1, -1,  8, -1, -1,  5, -1}  time = 573
pak[] = { 8,  8,  8,  8,  8,  8,  8,  8, -1,  8, -1, -1,  8, -1, -1,  8, -1, -1,  5, -1}  time = 574
pak[] = { 8,  8,  8,  8,  8,  8,  8,  8, -1,  8, -1, -1,  8, -1, -1,  8, -1, -1,  5, -1}  time = 575
pak[] = { 8,  8,  8,  8,  8,  8,  8,  8, -1,  8, -1, -1,  8, -1, -1,  8, -1, -1,  5, -1}  time = 576
pak[] = { 8,  8,  8,  8,  8,  8,  8,  8, -1,  8, -1, -1,  8, -1, -1,  8, -1, -1,  5, -1}  time = 577
pak[] = { 8,  8,  8,  8,  8,  8,  8,  8, -1,  8, -1, -1,  8, -1, -1,  8, -1, -1,  5, -1}  time = 578
pak[] = { 8,  8,  8,  8,  8,  8,  8,  8, -1,  8, -1, -1,  8, -1, -1,  8, -1, -1,  5, -1}  time = 579
pak[] = { 8,  8,  8,  8,  8,  8,  8,  8, -1,  8, -1, -1,  8, -1, -1,  8, -1, -1,  5, -1}  time = 580
pak[] = { 8,  8,  8,  8,  8,  8,  8,  8, -1,  8, -1, -1,  8, -1, -1,  8, -1, -1,  5, -1}  time = 581
pak[] = { 8,  8,  8,  8,  8,  8,  8,  8, -1,  8, -1, -1,  8, -1, -1,  8, -1, -1,  5, -1}  time = 582
pak[] = { 8,  8,  8,  8,  8,  8,  8,  8, -1,  8, -1, -1,  8, -1, -1,  8, -1, -1,  5, -1}  time = 583
pak[] = { 8,  8,  8,  8,  8,  8,  8,  8, -1,  8, -1, -1,  8, -1, -1,  8, -1, -1,  5, -1}  time = 584
pak[] = { 8,  8,  8,  8,  8,  8,  8,  8, -1,  8, -1, -1,  8, -1, -1,  8, -1, -1,  5, -1}  time = 585
pak[] = { 8,  8,  8,  8,  8,  8,  8,  8, -1,  8, -1, -1,  8, -1, -1,  8, -1, -1,  5, -1}  time = 586
pak[] = { 8,  8,  8,  8,  8,  8,  8,  8, -1,  8, -1, -1,  8, -1, -1,  8, -1, -1,  6, -1}  time = 587
pak[] = { 8,  8,  8,  8,  8,  8,  8,  8, -1,  8, -1, -1,  8, -1, -1,  8, -1, -1,  7, -1}  time = 588
pak[] = { 8,  8,  8,  8,  8,  8,  8,  8, -1,  8, -1, -1,  8, -1, -1,  8, -1, -1,  7, -1}  time = 589
pak[] = { 8,  8,  8,  8,  8,  8,  8,  8, -1,  8, -1, -1,  8, -1, -1,  8, -1, -1,  7, -1}  time = 590
pak[] = { 8,  8,  8,  8,  8,  8,  8,  8, -1,  8, -1, -1,  8, -1, -1,  8, -1, -1,  7, -1}  time = 591
pak[] = { 8,  8,  8,  8,  8,  8,  8,  8, -1,  8, -1, -1,  8, -1, -1,  8, -1, -1,  7, -1}  time = 592
pak[] = { 8,  8,  8,  8,  8,  8,  8,  8, -1,  8, -1, -1,  8, -1, -1,  8, -1, -1,  7, -1}  time = 593
pak[] = { 8,  8,  8,  8,  8,  8,  8,  8, -1,  8, -1, -1,  8, -1, -1,  8, -1, -1,  7, -1}  time = 594
pak[] = { 8,  8,  8,  8,  8,  8,  8,  8, -1,  8, -1, -1,  8, -1, -1,  8, -1, -1,  7, -1}  time = 595
pak[] = { 8,  8,  8,  8,  8,  8,  8,  8, -1,  8, -1, -1,  8, -1, -1,  8, -1, -1,  8, -1}  time = 596
Bob: 12